[header]
width=200
height=32
tilewidth=21
tileheight=21
orientation=orthogonal

[tilesets]
tileset=CS3113/assets/graphics/Archive (500 assets)/Platformer assets pixel (retired, 380 assets)/spritesheet.png,21,21,0,0
tileset=CS3113/assets/graphics/Platformer assets pixel (900 assets)/spritesheet_rgba.png,21,21,0,0

[layer]
type=Tile Layer 1
data=
410,411,412,413,414,415,416,417,418,419,420,410,411,412,413,414,415,416,417,418,419,420,410,411,412,413,414,415,416,417,418,419,420,410,411,412,413,414,415,416,417,418,419,420,410,411,412,413,414,415,416,417,418,419,420,410,411,412,413,414,415,416,417,418,419,420,411,412,413,414,415,416,417,418,419,420,410,411,412,413,414,415,416,417,418,419,420,410,411,412,413,414,415,416,417,418,419,420,410,411,412,413,414,415,416,417,418,419,420,410,411,412,413,414,415,416,417,418,419,420,410,411,412,413,414,415,416,417,411,412,413,414,415,416,417,418,419,420,410,411,412,413,414,415,416,417,418,419,420,410,411,412,413,414,415,416,417,418,419,420,410,411,412,413,414,415,411,412,413,414,415,416,417,418,419,420,410,411,412,413,414,415,416,417,418,419,420,410,411,412,413,414,415,416,417,418,419,420,410,411,
410,411,412,413,414,415,416,417,418,419,420,410,411,412,413,414,415,416,417,418,419,420,410,411,412,413,414,415,416,417,418,419,420,410,411,412,413,414,415,416,417,418,419,420,410,411,412,413,414,415,416,417,418,419,420,410,411,412,413,414,415,416,417,418,419,420,411,412,413,414,415,416,417,418,419,420,410,411,412,413,414,415,416,417,418,419,420,410,411,412,413,414,415,416,417,418,419,420,410,411,412,413,414,415,416,417,418,419,420,410,411,412,413,414,415,416,417,418,419,420,410,411,412,413,414,415,416,417,411,412,413,414,415,416,417,418,419,420,410,411,412,413,414,415,416,417,418,419,420,410,411,412,413,414,415,416,417,418,419,420,410,411,412,413,414,415,411,412,413,414,415,416,417,418,419,420,410,411,412,413,414,415,416,417,418,419,420,410,411,412,413,414,415,416,417,418,419,420,410,411,
410,411,412,413,414,415,416,417,418,419,420,410,411,412,413,414,415,416,417,418,419,420,410,411,412,413,414,415,416,417,418,419,420,410,411,412,413,414,415,416,417,418,419,420,410,411,412,413,414,415,416,417,418,419,420,410,411,412,413,414,415,416,417,418,419,420,411,412,413,414,415,416,417,418,419,420,410,411,412,413,414,415,416,417,418,419,420,410,411,412,413,414,415,416,417,418,419,420,410,411,412,413,414,415,416,417,418,419,420,410,411,412,413,414,415,416,417,418,419,420,410,411,412,413,414,415,416,417,411,412,413,414,415,416,417,418,419,420,410,411,412,413,414,415,416,417,418,419,420,410,411,412,413,414,415,416,417,418,419,420,410,411,412,413,414,415,411,412,413,414,415,416,417,418,419,420,410,411,412,413,414,415,416,417,418,419,420,410,411,412,413,414,415,416,417,418,419,420,410,411,
410,411,412,413,414,415,416,417,418,419,420,410,411,412,413,414,415,416,417,418,419,420,410,411,412,413,414,415,416,417,418,419,420,410,411,412,413,414,415,416,417,418,419,420,410,411,412,413,414,415,416,417,418,419,420,410,411,412,413,414,415,416,417,418,419,420,411,412,413,414,415,416,417,418,419,420,410,411,412,413,414,415,416,417,418,419,420,410,411,412,413,414,415,416,417,418,419,420,410,411,412,413,414,415,416,417,418,419,420,410,411,412,413,414,415,416,417,418,419,420,410,411,412,413,414,415,416,417,411,412,413,414,415,416,417,418,419,420,410,411,412,413,414,415,416,417,418,419,420,410,411,412,413,414,415,416,417,418,419,420,410,411,412,413,414,415,411,412,413,414,415,416,417,418,419,420,410,411,412,413,414,415,416,417,418,419,420,410,411,412,413,414,415,416,417,418,419,420,410,411,
410,411,412,413,414,415,416,417,418,419,420,410,411,412,413,414,415,416,417,418,419,420,410,411,412,413,414,415,416,417,418,419,420,410,411,412,413,414,415,416,417,418,419,420,410,411,412,413,414,415,416,417,418,419,420,410,411,412,413,414,415,416,417,418,419,420,411,412,413,414,415,416,417,418,419,420,410,411,412,413,414,415,416,417,418,419,420,410,411,412,413,414,415,416,417,418,419,420,410,411,412,413,414,415,416,417,418,419,420,410,411,412,413,414,415,416,417,418,419,420,410,411,412,413,414,415,416,417,411,412,413,414,415,416,417,418,419,420,410,411,412,413,414,415,416,417,418,419,420,410,411,412,413,414,415,416,417,418,419,420,410,411,412,413,414,415,411,412,413,414,415,416,417,418,419,420,410,411,412,413,414,415,416,417,418,419,420,410,411,412,413,414,415,416,417,418,419,420,410,411,
410,411,412,413,414,415,416,417,418,419,420,410,411,412,413,414,415,416,417,418,419,420,410,411,412,413,414,415,416,417,418,419,420,410,411,412,413,414,415,416,417,418,419,420,410,411,412,413,414,415,416,417,418,419,420,410,411,412,413,414,415,416,417,418,419,420,411,412,413,414,415,416,417,418,419,420,410,411,412,413,414,415,416,417,418,419,420,410,411,412,413,414,415,416,417,418,419,420,410,411,412,413,414,415,416,417,418,419,420,410,411,412,413,414,415,416,417,418,419,420,410,411,412,413,414,415,416,417,411,412,413,414,415,416,417,418,419,420,410,411,412,413,414,415,416,417,418,419,420,410,411,412,413,414,415,416,417,418,419,420,410,411,412,413,414,415,411,412,413,414,415,416,417,418,419,420,410,411,412,413,414,415,416,417,418,419,420,410,411,412,413,414,415,416,417,418,419,420,410,411,
410,411,412,413,414,415,416,417,418,419,420,410,411,412,413,414,415,416,417,418,419,420,410,411,412,413,414,415,416,417,418,419,420,410,411,412,413,414,415,416,417,418,419,420,410,411,412,413,414,415,416,417,418,419,420,410,411,412,413,414,415,416,417,418,419,420,411,412,413,414,415,416,417,418,419,420,410,411,412,413,414,415,416,417,418,419,420,410,411,412,413,414,415,416,417,418,419,420,410,411,412,413,414,415,416,417,418,419,420,410,411,412,413,414,415,416,417,418,419,420,410,411,412,413,414,415,416,417,411,412,413,414,415,416,417,418,419,420,410,411,412,413,414,415,416,417,418,419,420,410,411,412,413,414,415,416,417,418,419,420,410,411,412,413,414,415,411,412,413,414,415,416,417,418,419,420,410,411,412,413,414,415,416,417,418,419,420,410,411,412,413,414,415,416,417,418,419,420,410,411,
410,411,412,413,414,415,416,417,418,419,420,410,411,412,413,414,415,416,417,418,419,420,410,411,412,413,414,415,416,417,418,419,420,410,411,412,413,414,415,416,417,418,419,420,410,411,412,413,414,415,416,417,418,419,420,410,411,412,413,414,415,416,417,418,419,420,411,412,413,414,415,416,417,418,419,420,410,411,412,413,414,415,416,417,418,419,420,410,411,412,413,414,415,416,417,418,419,420,410,411,412,413,414,415,416,417,418,419,420,410,411,412,413,414,415,416,417,418,419,420,410,411,412,413,414,415,416,417,411,412,413,414,415,416,417,418,419,420,410,411,412,413,414,415,416,417,418,419,420,410,411,412,413,414,415,416,417,418,419,420,410,411,412,413,414,415,411,412,413,414,415,416,417,418,419,420,410,411,412,413,414,415,416,417,418,419,420,410,411,412,413,414,415,416,417,418,419,420,410,411,
410,411,412,413,414,415,416,417,418,419,420,410,411,412,413,414,415,416,417,418,419,420,410,411,412,413,414,415,416,417,418,419,420,410,411,412,413,414,415,416,417,418,419,420,410,411,412,413,414,415,416,417,418,419,420,410,411,412,413,414,415,416,417,418,419,420,411,412,413,414,415,416,417,418,419,420,410,411,412,413,414,415,416,417,418,419,420,410,411,412,413,414,415,416,417,418,419,420,410,411,412,413,414,415,416,417,418,419,420,410,411,412,413,414,415,416,417,418,419,420,410,411,412,413,414,415,416,417,411,412,413,414,415,416,417,418,419,420,410,411,412,413,414,415,416,417,418,419,420,410,411,412,413,414,415,416,417,418,419,420,410,411,412,413,414,415,411,412,413,414,415,416,417,418,419,420,410,411,412,413,414,415,416,417,418,419,420,410,411,412,413,414,415,416,417,418,419,420,410,411,
410,411,412,413,414,415,416,417,418,419,420,410,411,412,413,414,415,416,417,418,419,420,410,411,412,413,414,415,416,417,418,419,420,410,411,412,413,414,415,416,417,418,419,420,410,411,412,413,414,415,416,417,418,419,420,410,411,412,413,414,415,416,417,418,419,420,411,412,413,414,415,416,417,418,419,420,410,411,412,413,414,415,416,417,418,419,420,410,411,412,413,414,415,416,417,418,419,420,410,411,412,413,414,415,416,417,418,419,420,410,411,412,413,414,415,416,417,418,419,420,410,411,412,413,414,415,416,417,411,412,413,414,415,416,417,418,419,420,410,411,412,413,414,415,416,417,418,419,420,410,411,412,413,414,415,416,417,418,419,420,410,411,412,413,414,415,411,412,413,414,415,416,417,418,419,420,410,411,412,413,414,415,416,417,418,419,420,410,411,412,413,414,415,416,417,418,419,420,410,411,
410,411,412,413,414,415,416,417,418,419,420,410,411,412,413,414,415,416,417,418,419,420,410,411,412,413,414,415,416,417,418,419,420,410,411,412,413,414,415,416,417,418,419,420,410,411,412,413,414,415,416,417,418,419,420,410,411,412,413,414,415,416,417,418,419,420,411,412,413,414,415,416,417,418,419,420,410,411,412,413,414,415,416,417,418,419,420,410,411,412,413,414,415,416,417,418,419,420,410,411,412,413,414,415,416,417,418,419,420,410,411,412,413,414,415,416,417,418,419,420,410,411,412,413,414,415,416,417,411,412,413,414,415,416,417,418,419,420,410,411,412,413,414,415,416,417,418,419,420,410,411,412,413,414,415,416,417,418,419,420,410,411,412,413,414,415,411,412,413,414,415,416,417,418,419,420,410,411,412,413,414,415,416,417,418,419,420,410,411,412,413,414,415,416,417,418,419,420,410,411,
410,411,412,413,414,415,416,417,418,419,420,410,411,412,413,414,415,416,417,418,419,420,410,411,412,413,414,415,416,417,418,419,420,410,411,412,413,414,415,416,417,418,419,420,410,411,412,413,414,415,416,417,418,419,420,410,411,412,413,414,415,416,417,418,419,420,411,412,413,414,415,416,417,418,419,420,410,411,412,413,414,415,416,417,418,419,420,410,411,412,413,414,415,416,417,418,419,420,410,411,412,413,414,415,416,417,418,419,420,410,411,412,413,414,415,416,417,418,419,420,410,411,412,413,414,415,416,417,411,412,413,414,415,416,417,418,419,420,410,411,412,413,414,415,416,417,418,419,420,410,411,412,413,414,415,416,417,418,419,420,410,411,412,413,414,415,411,412,413,414,415,416,417,418,419,420,410,411,412,413,414,415,416,417,418,419,420,410,411,412,413,414,415,416,417,418,419,420,410,411,
410,411,412,413,414,415,416,417,418,419,420,410,411,412,413,414,415,416,417,418,419,420,410,411,412,413,414,415,416,417,418,419,420,410,411,412,413,414,415,416,417,418,419,420,410,411,412,413,414,415,416,417,418,419,420,410,411,412,413,414,415,416,417,418,419,420,411,412,413,414,415,416,417,418,419,420,410,411,412,413,414,415,416,417,418,419,420,410,411,412,413,414,415,416,417,418,419,420,410,411,412,413,414,415,416,417,418,419,420,410,411,412,413,414,415,416,417,418,419,420,410,411,412,413,414,415,416,417,411,412,413,414,415,416,417,418,419,420,410,411,412,413,414,415,416,417,418,419,420,410,411,412,413,414,415,416,417,418,419,420,410,411,412,413,414,415,411,412,413,414,415,416,417,418,419,420,410,411,412,413,414,415,416,417,418,419,420,410,411,412,413,414,415,416,417,418,419,420,410,411,
410,411,412,413,414,415,416,417,418,419,420,410,411,412,413,414,415,416,417,418,419,420,410,411,412,413,414,415,416,417,418,419,420,410,411,412,413,414,415,416,417,418,419,420,410,411,412,413,414,415,416,417,418,419,420,410,411,412,413,414,415,416,417,418,419,420,411,412,413,414,415,416,417,418,419,420,410,411,412,413,414,415,416,417,418,419,420,410,411,412,413,414,415,416,417,418,419,420,410,411,412,413,414,415,416,417,418,419,420,410,411,412,413,414,415,416,417,418,419,420,410,411,412,413,414,415,416,417,411,412,413,414,415,416,417,418,419,420,410,411,412,413,414,415,416,417,418,419,420,410,411,412,413,414,415,416,417,418,419,420,410,411,412,413,414,415,411,412,413,414,415,416,417,418,419,420,410,411,412,413,414,415,416,417,418,419,420,410,411,412,413,414,415,416,417,418,419,420,410,411,
410,411,412,413,414,415,416,417,418,419,420,410,411,412,413,414,415,416,417,418,419,420,410,411,412,413,414,415,416,417,418,419,420,410,411,412,413,414,415,416,417,418,419,420,410,411,412,413,414,415,416,417,418,419,420,410,411,412,413,414,415,416,417,418,419,420,411,412,413,414,415,416,417,418,419,420,410,411,412,413,414,415,416,417,418,419,420,410,411,412,413,414,415,416,417,418,419,420,410,411,412,413,414,415,416,417,418,419,420,410,411,412,413,414,415,416,417,418,419,420,410,411,412,413,414,415,416,417,411,412,413,414,415,416,417,418,419,420,410,411,412,413,414,415,416,417,418,419,420,410,411,412,413,414,415,416,417,418,419,420,410,411,412,413,414,415,411,412,413,414,415,416,417,418,419,420,410,411,412,413,414,415,416,417,418,419,420,410,411,412,413,414,415,416,417,418,419,420,410,411,
410,411,412,413,414,415,416,417,418,419,420,410,411,412,413,414,415,416,417,418,419,420,410,411,412,413,414,415,416,417,418,419,420,410,411,412,413,414,415,416,417,418,419,420,410,411,412,413,414,415,416,417,418,419,420,410,411,412,413,414,415,416,417,418,419,420,411,412,413,414,415,416,417,418,419,420,410,411,412,413,414,415,416,417,418,419,420,410,411,412,413,414,415,416,417,418,419,420,410,411,412,413,414,415,416,417,418,419,420,410,411,412,413,414,415,416,417,418,419,420,410,411,412,413,414,415,416,417,411,412,413,414,415,416,417,418,419,420,410,411,412,413,414,415,416,417,418,419,420,410,411,412,413,414,415,416,417,418,419,420,410,411,412,413,414,415,411,412,413,414,415,416,417,418,419,420,410,411,412,413,414,415,416,417,418,419,420,410,411,412,413,414,415,416,417,418,419,420,410,411,
410,411,412,413,414,415,416,417,418,419,420,410,411,412,413,414,415,416,417,418,419,420,410,411,412,413,414,415,416,417,418,419,420,410,411,412,413,414,415,416,417,418,419,420,410,411,412,413,414,415,416,417,418,419,420,410,411,412,413,414,415,416,417,418,419,420,411,412,413,414,415,416,417,418,419,420,410,411,412,413,414,415,416,417,418,419,420,410,411,412,413,414,415,416,417,418,419,420,410,411,412,413,414,415,416,417,418,419,420,410,411,412,413,414,415,416,417,418,419,420,410,411,412,413,414,415,416,417,411,412,413,414,415,416,417,418,419,420,410,411,412,413,414,415,416,417,418,419,420,410,411,412,413,414,415,416,417,418,419,420,410,411,412,413,414,415,411,412,413,414,415,416,417,418,419,420,410,411,412,413,414,415,416,417,418,419,420,410,411,412,413,414,415,416,417,418,419,420,410,411,
410,411,412,413,414,415,416,417,418,419,420,410,411,412,413,414,415,416,417,418,419,420,410,411,412,413,414,415,416,417,418,419,420,410,411,412,413,414,415,416,417,418,419,420,410,411,412,413,414,415,416,417,418,419,420,410,411,412,413,414,415,416,417,418,419,420,411,412,413,414,415,416,417,418,419,420,410,411,412,413,414,415,416,417,418,419,420,410,411,412,413,414,415,416,417,418,419,420,410,411,412,413,414,415,416,417,418,419,420,410,411,412,413,414,415,416,417,418,419,420,410,411,412,413,414,415,416,417,411,412,413,414,415,416,417,418,419,420,410,411,412,413,414,415,416,417,418,419,420,410,411,412,413,414,415,416,417,418,419,420,410,411,412,413,414,415,411,412,413,414,415,416,417,418,419,420,410,411,412,413,414,415,416,417,418,419,420,410,411,412,413,414,415,416,417,418,419,420,410,411,
410,411,412,413,414,415,416,417,418,419,420,410,411,412,413,414,415,416,417,418,419,420,410,411,412,413,414,415,416,417,418,419,420,410,411,412,413,414,415,416,417,418,419,420,410,411,412,413,414,415,416,417,418,419,420,410,411,412,413,414,415,416,417,418,419,420,411,412,413,414,415,416,417,418,419,420,410,411,412,413,414,415,416,417,418,419,420,410,411,412,413,414,415,416,417,418,419,420,410,411,412,413,414,415,416,417,418,419,420,410,411,412,413,414,415,416,417,418,419,420,410,411,412,413,414,415,416,417,411,412,413,414,415,416,417,418,419,420,410,411,412,413,414,415,416,417,418,419,420,410,411,412,413,414,415,416,417,418,419,420,410,411,412,413,414,415,411,412,413,414,415,416,417,418,419,420,410,411,412,413,414,415,416,417,418,419,420,410,411,412,413,414,415,416,417,418,419,420,410,411,
410,411,412,413,414,415,416,417,418,419,420,410,411,412,413,414,415,416,417,418,419,420,410,411,412,413,414,415,416,417,418,419,420,410,411,412,413,414,415,416,417,418,419,420,410,411,412,413,414,415,416,417,418,419,420,410,411,412,413,414,415,416,417,418,419,420,411,412,413,414,415,416,417,418,419,420,410,411,412,413,414,415,416,417,418,419,420,410,411,412,413,414,415,416,417,418,419,420,410,411,412,413,414,415,416,417,418,419,420,410,411,412,413,414,415,416,417,418,419,420,410,411,412,413,414,415,416,417,411,412,413,414,415,416,417,418,419,420,410,411,412,413,414,415,416,417,418,419,420,410,411,412,413,414,415,416,417,418,419,420,410,411,412,413,414,415,411,412,413,414,415,416,417,418,419,420,410,411,412,413,414,415,416,417,418,419,420,410,411,412,413,414,415,416,417,418,419,420,410,411,
410,411,412,413,414,415,416,417,418,419,420,410,411,412,413,414,415,416,417,418,419,420,410,411,412,413,414,415,416,417,418,419,420,410,411,412,413,414,415,416,417,418,419,420,410,411,412,413,414,415,416,417,418,419,420,410,411,412,413,414,415,416,417,418,419,420,411,412,413,414,415,416,417,418,419,420,410,411,412,413,414,415,416,417,418,419,420,410,411,412,413,414,415,416,417,418,419,420,410,411,412,413,414,415,416,417,418,419,420,410,411,412,413,414,415,416,417,418,419,420,410,411,412,413,414,415,416,417,411,412,413,414,415,416,417,418,419,420,410,411,412,413,414,415,416,417,418,419,420,410,411,412,413,414,415,416,417,418,419,420,410,411,412,413,414,415,411,412,413,414,415,416,417,418,419,420,410,411,412,413,414,415,416,417,418,419,420,410,411,412,413,414,415,416,417,418,419,420,410,411,
410,411,412,413,414,415,416,417,418,419,420,410,411,412,413,414,415,416,417,418,419,420,410,411,412,413,414,415,416,417,418,419,420,410,411,412,413,414,415,416,417,418,419,420,410,411,412,413,414,415,416,417,418,419,420,410,411,412,413,414,415,416,417,418,419,420,411,412,413,414,415,416,417,418,419,420,410,411,412,413,414,415,416,417,418,419,420,410,411,412,413,414,415,416,417,418,419,420,410,411,412,413,414,415,416,417,418,419,420,410,411,412,413,414,415,416,417,418,419,420,410,411,412,413,414,415,416,417,411,412,413,414,415,416,417,418,419,420,410,411,412,413,414,415,416,417,418,419,420,410,411,412,413,414,415,416,417,418,419,420,410,411,412,413,414,415,411,412,413,414,415,416,417,418,419,420,410,411,412,413,414,415,416,417,418,419,420,410,411,412,413,414,415,416,417,418,419,420,410,411,
410,411,412,413,414,415,416,417,418,419,420,410,411,412,413,414,415,416,417,418,419,420,410,411,412,413,414,415,416,417,418,419,420,410,411,412,413,695,695,695,695,418,419,420,410,411,412,413,414,415,416,417,418,419,420,410,411,412,413,414,415,416,417,418,419,420,411,412,413,414,415,416,417,418,419,420,410,411,412,413,414,415,416,417,418,419,420,410,411,412,413,414,415,416,417,418,419,420,410,411,412,413,414,415,416,417,418,419,420,410,411,412,413,414,415,416,417,418,419,420,410,411,412,413,414,415,416,417,411,412,413,414,415,416,417,418,419,420,410,411,412,413,414,415,416,417,418,419,420,410,411,412,413,414,415,416,417,418,419,420,410,411,412,413,414,415,411,412,413,414,415,416,417,418,419,420,410,411,412,413,414,415,416,417,418,419,420,410,411,412,413,414,415,416,417,418,419,420,410,411,
410,411,412,413,414,415,416,417,418,419,420,410,411,412,413,414,415,416,417,418,419,420,410,411,412,413,414,415,416,417,418,419,420,410,411,412,413,695,695,695,695,695,695,420,410,411,412,413,414,415,416,417,418,419,420,410,411,412,413,414,415,416,417,418,419,420,411,412,413,414,415,416,417,418,419,420,410,411,412,413,414,415,416,417,418,419,420,410,411,412,413,414,415,416,417,418,419,420,410,411,412,413,414,415,416,417,418,419,420,410,411,412,413,414,415,416,417,418,419,420,410,411,412,413,414,415,416,417,411,412,413,414,415,416,417,418,419,420,410,411,412,413,414,415,416,417,418,419,420,410,411,412,413,414,415,416,417,418,419,420,410,411,412,413,414,415,411,412,413,414,415,416,417,418,419,420,410,411,412,413,414,415,416,417,418,419,420,410,411,412,413,414,415,416,417,418,419,420,410,411,
410,411,412,413,414,415,416,417,418,419,420,410,411,412,413,414,415,416,417,418,419,420,410,411,412,413,414,415,416,417,418,419,420,410,411,412,413,0,0,416,417,418,695,695,410,411,412,413,414,415,416,417,418,419,420,410,411,412,413,414,415,416,417,418,419,420,411,412,413,414,415,416,417,418,419,420,410,411,412,413,414,415,416,417,418,419,420,410,411,412,413,414,415,416,417,418,419,420,410,411,412,413,414,415,416,417,418,419,420,410,411,412,413,414,415,416,417,418,419,420,410,411,412,413,414,415,416,417,411,412,413,414,415,416,417,418,419,420,410,411,412,413,414,415,416,417,418,419,420,410,411,412,413,414,415,416,417,418,419,420,410,411,412,413,414,415,411,412,413,414,415,416,417,418,419,420,410,411,412,413,414,415,416,417,418,419,420,410,411,412,413,414,415,416,417,418,419,420,410,411,
410,411,412,413,414,415,416,417,418,419,420,410,411,412,413,414,415,416,417,418,419,420,410,411,412,413,414,415,416,417,418,419,420,410,411,412,413,414,415,416,417,418,695,695,410,411,412,413,414,415,416,417,418,419,420,410,411,412,413,414,415,416,417,418,419,420,411,412,413,414,415,416,417,418,419,420,410,411,412,413,414,415,416,417,418,419,420,410,411,412,413,414,415,416,417,418,419,420,410,411,412,413,414,415,416,417,418,419,420,410,411,412,413,414,415,416,417,418,419,420,410,411,412,413,414,415,416,417,411,412,413,414,415,416,417,418,419,420,410,411,412,413,414,415,416,417,418,419,420,410,411,412,413,414,415,416,417,418,419,420,410,411,412,413,414,415,411,412,413,414,415,416,417,418,419,420,410,411,412,413,414,415,416,417,418,419,420,410,411,412,413,414,415,416,417,418,419,420,410,411,
410,411,412,413,414,415,416,417,418,419,420,410,411,412,413,414,415,416,417,418,419,420,410,411,412,413,414,415,416,417,418,419,420,410,411,412,413,414,415,416,417,0,419,420,410,411,412,413,414,415,416,417,418,419,420,410,411,412,413,414,415,416,417,418,419,420,411,412,413,414,415,416,417,418,419,420,410,411,412,413,414,415,416,417,418,419,420,410,411,412,413,414,415,416,417,418,419,420,410,411,412,413,414,415,416,417,418,419,420,410,411,412,413,414,415,416,417,418,419,420,410,411,412,413,414,415,416,417,411,412,413,414,415,416,417,418,419,420,410,411,412,413,414,415,416,417,418,419,420,410,411,412,413,414,415,416,417,418,419,420,410,411,412,413,414,415,411,412,413,414,415,416,417,418,419,420,410,411,412,413,414,415,416,417,418,419,420,410,411,412,413,414,415,416,417,418,419,420,410,411,
410,411,412,413,414,415,416,417,418,419,420,410,411,412,413,414,415,416,417,418,419,420,410,411,412,413,414,415,416,417,418,419,420,410,411,412,413,414,415,416,417,418,419,420,410,411,412,413,414,415,416,417,418,419,420,410,411,412,413,414,415,416,417,418,419,420,411,412,413,414,415,416,417,418,419,420,410,411,412,413,414,415,416,417,418,419,420,410,411,412,413,414,415,416,417,418,419,420,410,411,412,413,414,415,416,417,418,419,420,410,411,412,413,414,415,416,417,418,419,420,410,411,412,413,414,415,416,417,411,412,413,414,415,416,417,418,419,420,410,411,412,413,414,415,416,417,418,419,420,410,411,412,413,414,415,416,417,418,419,420,410,411,412,413,414,415,411,412,413,414,415,416,417,418,419,420,410,411,412,413,414,415,416,417,418,419,420,410,411,412,413,414,415,416,417,418,419,420,410,411,
410,411,412,413,414,415,416,417,418,419,420,410,411,412,413,414,415,416,417,418,419,420,410,411,412,413,414,415,416,417,418,419,420,410,411,412,413,414,415,416,417,418,419,420,410,411,412,413,414,415,416,417,418,419,420,410,411,412,413,414,415,416,417,418,419,420,411,412,413,414,415,416,417,418,419,420,410,411,412,413,414,415,416,417,418,419,420,410,411,412,413,414,415,416,417,418,419,420,410,411,412,413,414,415,416,417,418,419,420,410,411,412,413,414,415,416,417,418,419,420,410,411,412,413,414,415,416,417,411,412,413,414,415,416,417,418,419,420,410,411,412,413,414,415,416,417,418,419,420,410,411,412,413,414,415,416,417,418,419,420,410,411,412,413,414,415,411,412,413,414,415,416,417,418,419,420,410,411,412,413,414,415,416,417,418,419,420,410,411,412,413,414,415,416,417,418,419,420,410,411,
410,411,412,413,414,415,416,417,418,419,420,410,411,412,413,414,415,416,417,418,419,420,410,411,412,413,414,415,416,417,418,419,420,410,411,412,413,414,415,416,417,418,419,420,410,411,412,413,414,415,416,417,418,419,420,410,411,412,413,414,415,416,417,418,419,420,411,412,413,414,415,416,417,418,419,420,410,411,412,413,414,415,416,417,418,419,420,410,411,412,413,414,415,416,417,418,419,420,410,411,412,413,414,415,416,417,418,419,420,410,411,412,413,414,415,416,417,418,419,420,410,411,412,413,414,415,416,417,411,412,413,414,415,416,417,418,419,420,410,411,412,413,414,415,416,417,418,419,420,410,411,412,413,414,415,416,417,418,419,420,410,411,412,413,414,415,411,412,413,414,415,416,417,418,419,420,410,411,412,413,414,415,416,417,418,419,420,410,411,412,413,414,415,416,417,418,419,420,410,411,
440,441,442,443,444,445,446,447,448,449,450,440,441,442,443,444,445,446,447,448,449,450,440,441,442,443,444,445,446,447,448,449,450,440,441,442,443,444,445,446,447,448,449,450,440,441,442,443,444,445,446,447,448,449,450,440,441,442,443,444,445,446,447,448,449,450,441,442,443,444,445,446,447,448,449,450,440,441,442,443,444,445,446,447,448,449,450,440,441,442,443,444,445,446,447,448,449,450,440,441,442,443,444,445,446,447,448,449,450,440,441,442,443,444,445,446,447,448,449,450,440,441,442,443,444,445,446,447,441,442,443,444,445,446,447,448,449,450,440,441,442,443,444,445,446,447,448,449,450,440,441,442,443,444,445,446,447,448,449,450,440,441,442,443,444,445,441,442,443,444,445,446,447,448,449,450,440,441,442,443,444,445,446,447,448,449,450,440,441,442,443,444,445,446,447,448,449,450,440,441,
470,471,472,473,474,475,476,477,478,479,480,470,471,472,473,474,475,476,477,478,479,480,470,471,472,473,474,475,476,477,478,479,480,470,471,472,473,474,475,476,477,478,479,480,470,471,472,473,474,475,476,477,478,479,480,470,471,472,473,474,475,476,477,478,479,480,471,472,473,474,475,476,477,478,479,480,470,471,472,473,474,475,476,477,478,479,480,470,471,472,473,474,475,476,477,478,479,480,470,471,472,473,474,475,476,477,478,479,480,470,471,472,473,474,475,476,477,478,479,480,470,471,472,473,474,475,476,477,471,472,473,474,475,476,477,478,479,480,470,471,472,473,474,475,476,477,478,479,480,470,471,472,473,474,475,476,477,478,479,480,470,471,472,473,474,475,471,472,473,474,475,476,477,478,479,480,470,471,472,473,474,475,476,477,478,479,480,470,471,472,473,474,475,476,477,478,479,480,470,471

[layer]
type=Tile Layer 2
data=
1280,0,0,0,0,0,0,0,0,0,0,0,0,0,0,0,0,0,0,0,0,0,0,0,0,0,0,0,0,0,0,0,0,0,0,0,0,0,0,0,0,0,0,0,0,0,0,0,0,0,0,0,0,0,0,0,0,0,0,0,0,0,0,0,0,0,0,0,0,0,0,0,0,0,0,0,0,0,0,0,0,0,0,0,0,0,0,0,0,0,0,0,0,0,0,0,0,0,0,0,0,0,0,0,0,0,0,0,0,0,0,0,0,0,0,0,0,0,0,0,0,0,0,0,0,0,0,0,0,0,0,0,0,0,0,0,0,0,0,0,0,0,0,0,0,0,0,0,0,0,0,0,0,0,0,0,0,0,0,0,0,0,0,0,0,0,0,0,0,0,0,0,0,0,0,0,0,0,0,0,0,0,0,0,0,0,0,0,0,0,0,0,0,0,0,675,0,0,0,0,
1279,0,0,0,0,0,0,0,0,0,0,0,0,0,0,0,0,0,0,0,0,0,0,0,0,0,0,0,0,0,0,0,0,0,0,0,0,0,0,0,0,0,0,0,0,0,0,0,0,0,0,0,0,0,0,0,0,0,0,0,0,0,0,0,0,0,0,0,0,0,0,0,0,0,0,0,0,0,0,0,0,0,0,0,0,0,0,0,0,0,0,0,0,0,0,0,0,0,0,0,0,0,0,0,0,0,0,0,0,0,0,0,0,0,0,0,0,0,0,0,0,0,0,0,0,0,0,0,0,0,0,0,0,0,0,0,0,0,0,0,0,0,0,0,0,0,0,0,0,0,0,0,0,0,0,0,0,0,0,0,0,0,0,0,0,0,0,0,0,0,0,0,0,0,0,0,0,0,0,0,0,0,0,0,0,0,0,0,0,0,0,0,0,0,0,675,0,0,0,0,
1280,0,0,0,0,0,0,0,0,0,0,0,0,0,0,0,0,0,0,0,0,0,0,0,0,0,0,0,0,0,0,0,0,0,0,0,0,0,0,0,0,0,0,0,0,0,0,0,0,0,0,0,0,0,0,0,0,0,0,0,0,0,0,0,0,0,0,0,0,0,0,0,0,0,0,0,0,0,0,0,0,0,0,0,0,0,0,0,0,0,0,0,0,0,0,0,0,0,0,0,0,0,0,0,0,0,0,0,0,0,0,0,0,0,0,0,0,0,0,0,0,0,0,0,0,0,0,0,0,0,0,0,0,0,0,0,0,0,0,0,0,0,0,0,0,0,0,0,0,0,0,0,0,0,0,0,0,0,0,0,0,0,0,0,0,0,0,0,0,0,0,0,0,0,0,0,0,0,0,0,0,0,0,0,0,0,0,0,0,0,0,0,0,0,0,675,0,0,0,0,
1279,0,0,0,0,0,0,0,0,0,0,0,0,0,0,0,0,0,0,0,0,0,0,0,0,0,0,0,0,0,0,0,0,0,0,0,0,0,0,0,0,0,0,0,0,0,0,0,0,0,0,0,0,0,0,0,0,0,0,0,0,0,0,0,0,0,0,0,0,0,0,0,0,0,0,0,0,0,0,0,0,0,0,0,0,0,0,0,0,0,0,0,0,0,0,0,0,0,0,0,0,0,0,0,0,0,0,0,0,0,0,0,0,0,0,0,0,0,0,0,0,0,0,0,0,0,0,0,0,0,0,0,0,0,0,0,0,0,0,0,0,0,0,0,0,0,0,0,0,0,0,0,0,0,0,0,0,0,0,0,0,0,0,0,0,0,0,0,0,0,0,0,0,0,0,0,0,0,0,0,0,0,0,0,0,0,0,0,0,0,0,0,0,0,0,675,0,0,0,0,
1280,0,0,0,0,0,0,0,0,0,0,0,0,0,0,0,0,0,0,0,0,0,0,0,0,0,0,0,0,0,0,0,0,0,0,0,0,0,0,0,0,0,0,0,0,0,0,0,0,0,0,0,0,0,0,0,0,0,0,0,0,0,0,0,0,0,0,0,0,0,0,0,0,0,0,0,0,0,0,0,0,0,0,0,0,0,0,0,0,0,0,0,0,0,0,0,0,0,0,0,0,0,0,0,0,0,0,0,0,0,0,0,0,0,0,0,0,0,0,0,0,0,0,0,0,0,0,0,0,0,0,0,0,0,0,0,0,0,0,0,0,0,0,0,0,0,0,0,0,0,0,0,0,0,0,0,0,0,0,0,0,0,0,0,0,0,0,0,0,0,0,0,0,0,0,0,0,0,0,0,0,0,0,0,0,0,0,0,0,0,0,0,0,0,0,675,0,0,0,0,
1279,0,0,0,0,0,0,0,0,0,0,0,0,0,0,0,0,0,0,0,0,0,0,0,0,0,0,0,0,0,0,0,0,0,0,0,0,0,0,0,0,0,0,0,0,0,0,0,0,0,0,0,0,0,0,0,0,0,0,0,0,0,0,0,0,0,0,0,0,0,0,0,0,0,0,0,0,0,0,0,0,0,0,0,0,0,0,0,0,0,0,0,0,0,0,0,0,0,0,0,0,0,0,0,0,0,0,0,0,0,0,0,0,0,0,0,0,0,0,0,0,0,0,0,0,0,0,0,0,0,0,0,0,0,0,0,0,0,0,0,0,0,0,0,0,0,0,0,0,0,0,0,0,0,0,0,0,0,0,0,0,0,0,0,0,0,0,0,0,0,0,0,0,0,0,0,0,0,0,0,0,0,0,0,0,0,0,0,0,0,0,0,0,0,0,675,0,0,0,0,
1280,0,0,0,0,0,0,0,0,0,0,0,0,0,0,0,0,0,0,0,0,0,0,0,0,0,0,0,0,0,0,0,0,0,0,0,0,0,0,0,0,0,0,0,0,0,0,0,0,0,0,0,0,0,0,0,0,0,0,0,0,0,0,0,0,0,0,0,0,0,0,0,0,0,0,0,0,0,0,0,0,0,0,0,0,0,0,0,0,0,0,0,0,0,0,0,0,0,0,0,0,0,0,0,0,0,0,0,0,0,0,0,0,0,0,0,0,0,0,0,0,0,0,0,0,0,0,0,0,0,0,0,0,0,0,0,0,0,0,0,0,0,0,0,0,0,0,0,0,0,0,0,0,0,0,0,0,0,0,0,0,0,0,0,0,0,0,0,0,0,0,0,0,0,0,0,0,0,0,0,0,0,0,0,0,0,0,0,0,0,0,0,0,0,0,675,0,0,0,0,
1279,0,0,0,0,0,0,0,0,0,0,0,0,0,0,0,0,0,0,0,0,0,0,0,0,0,0,0,0,0,0,0,0,0,0,0,0,0,0,0,0,0,0,0,0,0,0,0,0,0,0,0,0,0,0,0,0,0,0,0,0,0,0,0,0,0,0,0,0,0,0,0,0,0,0,0,0,0,0,0,0,0,0,0,0,0,0,0,0,0,0,0,0,0,0,0,0,0,0,0,0,0,0,0,0,0,0,0,0,0,0,0,0,0,0,0,0,0,0,0,0,0,0,0,0,0,0,0,0,0,0,0,0,0,0,0,0,0,0,0,0,0,0,0,0,0,0,0,0,0,0,0,0,0,0,0,0,0,0,0,0,0,0,0,0,0,0,0,0,0,0,0,0,0,0,0,0,0,0,0,0,0,0,0,0,0,0,0,0,0,0,0,0,0,0,675,0,0,0,0,
1280,0,0,0,0,0,0,0,0,0,0,0,0,0,0,0,0,0,0,0,0,0,0,0,0,0,0,0,0,0,0,0,0,0,0,0,0,0,0,0,0,0,0,0,0,0,0,0,0,0,0,0,0,0,0,0,0,0,0,0,0,0,0,0,0,0,0,0,0,0,0,0,0,0,0,0,0,0,0,0,0,0,0,0,0,0,0,0,0,0,0,0,0,0,0,0,0,0,0,0,0,0,0,0,0,0,0,0,0,0,0,0,0,0,0,0,0,0,0,0,0,0,0,0,0,0,0,0,0,0,0,0,0,0,0,0,0,0,0,0,0,0,0,0,0,0,0,0,0,0,0,0,0,0,0,0,0,0,0,0,0,0,0,0,0,0,0,0,0,0,0,0,0,0,0,0,0,0,0,0,0,0,0,0,0,0,0,0,0,0,0,0,0,0,0,675,0,0,0,0,
1279,0,0,0,0,0,0,0,0,0,0,0,0,0,0,0,0,0,0,0,0,0,0,0,0,0,0,0,0,0,0,0,0,0,0,0,0,0,0,0,0,0,0,0,0,0,0,0,0,0,0,0,0,0,0,0,0,0,0,0,0,0,0,0,0,0,0,0,0,0,0,0,0,0,0,0,0,0,0,0,0,0,0,0,0,0,0,0,0,0,0,0,0,0,0,0,0,0,0,0,0,0,0,0,0,0,0,0,0,0,0,0,0,0,0,0,0,0,0,0,0,0,0,0,0,0,0,0,0,0,0,0,0,0,0,0,0,0,0,0,0,0,0,0,0,0,0,0,0,0,0,0,0,0,0,0,0,0,0,0,0,0,0,0,0,0,0,0,0,0,0,0,0,0,0,0,0,0,0,0,0,0,0,0,0,0,0,0,0,0,0,0,0,0,0,675,0,0,0,0,
1280,0,0,0,0,0,0,0,0,0,0,0,0,0,0,0,0,0,0,0,0,0,0,0,0,0,0,0,0,0,0,0,0,0,0,0,0,0,0,0,0,0,0,0,0,0,0,0,0,0,0,0,0,0,0,0,0,0,0,0,0,0,0,0,0,0,0,0,0,0,0,0,0,0,0,0,0,0,0,0,0,0,0,0,0,0,0,0,0,0,0,0,0,0,0,0,0,0,0,0,0,0,0,0,0,0,0,0,0,0,0,0,0,0,0,0,0,0,0,0,0,0,0,0,0,0,0,0,0,0,0,0,0,0,0,0,0,0,0,0,0,0,0,0,0,0,0,0,0,0,0,0,0,0,0,0,0,0,0,0,0,0,0,0,0,0,0,0,0,0,0,0,0,0,0,0,0,0,0,0,0,0,0,0,0,0,0,0,0,0,0,0,0,0,0,675,0,0,0,0,
1279,0,0,0,0,0,0,0,0,0,0,0,0,0,0,0,0,0,0,0,0,0,0,0,0,0,0,0,0,0,0,0,0,0,0,0,0,0,0,0,0,0,0,0,0,0,0,0,0,0,0,0,0,0,0,0,0,0,0,0,0,0,0,0,0,0,0,0,0,0,0,0,0,0,0,0,0,0,0,0,0,0,0,0,0,0,0,0,0,0,0,0,0,0,0,0,0,0,0,0,0,0,0,0,0,0,0,0,0,0,0,0,0,0,0,0,0,0,0,0,0,0,0,0,0,0,0,0,0,0,0,0,0,0,0,0,0,0,0,0,0,0,0,0,0,0,0,0,0,0,0,0,0,0,0,0,0,0,0,0,0,0,0,0,0,0,0,0,0,0,0,0,0,0,0,0,0,0,0,0,0,0,0,0,0,0,0,0,0,0,0,0,0,0,0,675,0,0,0,0,
1280,0,0,0,0,1195,0,0,1224,1225,0,0,0,1195,0,0,0,0,1224,1225,0,0,0,0,1195,0,0,0,0,0,1224,1225,0,0,0,0,0,1195,0,0,0,0,0,1224,1225,0,0,0,0,1195,0,0,0,1224,1225,0,0,1195,0,0,0,1224,1225,0,0,0,1195,0,0,0,0,1224,1225,0,0,0,0,0,1195,0,0,1224,1225,0,0,0,1195,0,0,1224,1225,0,0,0,1195,0,0,0,1224,1225,0,0,1195,0,0,0,0,0,1224,1225,0,0,0,0,1195,0,0,0,1224,1225,0,0,1195,0,0,0,0,1224,1225,0,0,0,1195,0,0,1224,1225,0,0,0,0,0,1224,1225,0,0,1195,0,0,0,0,0,0,1224,1225,0,0,0,0,0,0,1195,0,0,0,0,0,1195,0,0,0,1224,1225,0,0,0,0,1195,0,0,0,1224,1225,0,0,0,1195,0,0,1224,1225,0,0,1195,0,675,1224,1225,0,1195,
1279,0,0,0,0,0,0,0,1254,1255,0,0,0,0,0,0,0,0,1254,1255,0,0,0,0,0,0,0,0,0,0,1254,1255,0,0,0,0,0,0,0,0,0,0,0,1254,1255,0,0,0,0,0,0,0,0,1254,1255,0,0,0,0,0,0,1254,1255,0,0,0,0,0,0,0,0,1254,1255,0,0,0,0,0,0,0,0,1254,1255,0,0,0,0,0,0,1254,1255,0,0,0,0,0,0,0,1254,1255,0,0,0,0,0,0,0,0,1254,1255,0,0,0,0,0,0,0,0,1254,1255,0,0,0,0,0,0,0,1254,1255,0,0,0,0,0,0,1254,1255,0,0,0,0,0,1254,1255,0,0,0,0,0,0,0,0,0,1254,1255,0,0,0,0,0,0,0,0,0,0,0,0,0,0,0,0,1254,1255,0,0,0,0,0,0,0,0,1254,1255,0,0,0,0,0,0,1254,1255,0,0,0,0,675,1254,1255,0,0,
1280,0,0,0,0,1196,0,0,0,0,0,0,0,1196,0,0,0,0,0,0,0,0,0,0,1196,0,0,0,0,0,0,0,0,0,0,0,0,1196,0,0,0,0,0,0,0,0,0,0,0,1196,0,0,0,0,0,0,0,1196,0,0,0,0,0,0,0,0,1196,0,0,0,0,0,0,0,0,0,0,0,1196,0,0,0,0,0,0,0,1196,0,0,0,0,0,0,0,1196,0,0,0,0,0,0,0,1196,0,0,0,0,0,0,0,0,0,0,0,1196,0,0,0,0,0,0,0,1196,0,0,0,0,0,0,0,0,0,1196,0,0,0,0,0,0,0,0,0,0,0,0,0,1196,0,0,0,0,0,0,0,0,0,0,0,0,0,0,1196,0,0,0,0,0,1196,0,0,0,0,0,0,0,0,0,1196,0,0,0,0,0,0,0,0,1196,0,0,0,0,0,0,1196,0,675,0,0,0,1196,
1279,0,0,0,0,0,0,0,0,0,0,0,0,0,0,0,0,0,0,0,0,0,0,0,0,0,0,0,0,0,0,0,0,0,0,0,0,0,0,0,0,0,0,0,0,0,0,0,0,0,0,0,0,0,0,0,0,0,0,0,0,0,0,0,0,0,0,0,0,0,0,0,0,0,0,0,0,0,0,0,0,0,0,0,0,0,0,0,0,0,0,0,0,0,0,0,0,0,0,0,0,0,0,0,0,0,0,0,0,0,0,0,0,0,0,0,0,0,0,0,0,0,0,0,0,0,0,0,0,0,0,0,0,0,0,0,0,0,0,0,1216,0,0,0,0,0,0,0,0,0,0,0,0,0,0,0,0,0,0,0,0,0,0,0,0,0,0,0,0,0,0,0,0,0,0,0,0,0,0,0,0,0,0,0,0,0,0,0,0,0,0,0,0,0,0,675,0,0,0,0,
1280,0,0,0,0,0,0,0,0,0,0,0,0,0,0,0,0,0,0,0,0,0,1216,0,0,0,0,0,0,0,0,0,0,0,0,0,0,0,0,0,0,0,0,0,0,0,0,0,0,0,0,0,0,0,0,0,0,0,0,0,0,0,0,0,0,0,0,0,0,0,0,0,0,0,0,0,0,0,0,0,0,0,0,0,0,0,0,0,0,0,0,0,0,0,0,0,0,0,0,0,0,0,0,0,0,0,0,0,0,0,0,0,0,0,0,0,0,0,0,0,0,0,0,0,0,0,0,0,0,0,0,0,0,0,0,0,0,0,0,0,1218,0,0,0,0,0,0,0,0,0,0,0,0,0,0,0,0,0,0,0,0,0,0,0,0,0,0,0,0,0,0,0,0,0,0,0,0,0,0,0,0,0,0,0,0,0,0,0,0,0,0,0,0,0,0,675,0,0,0,0,
1279,0,0,0,0,0,0,0,0,0,0,0,0,0,0,0,0,0,0,0,1216,0,0,0,0,0,0,0,0,0,0,0,0,0,0,0,0,0,0,0,0,0,0,0,0,0,0,0,0,0,0,0,0,0,0,0,0,0,0,0,0,0,0,0,0,0,0,0,0,0,0,0,0,0,0,0,0,0,0,0,0,0,0,0,0,0,0,0,0,0,0,0,0,0,0,0,0,0,0,0,0,0,0,0,0,0,0,0,0,0,0,0,0,0,0,0,0,0,0,0,0,0,0,0,0,0,0,0,0,0,0,0,0,0,0,0,0,0,1216,0,1218,0,1216,0,0,0,0,0,0,0,0,0,0,0,0,0,0,0,0,0,0,0,0,0,0,0,0,0,0,0,0,0,0,0,0,0,0,0,0,0,0,0,0,0,0,0,0,0,0,0,0,0,0,0,0,675,0,0,0,0,
1280,0,0,0,0,798,0,0,0,0,0,0,0,798,0,0,0,0,1216,0,0,0,0,0,798,0,0,0,0,0,0,0,0,0,0,0,0,798,0,0,0,0,0,0,0,0,0,0,0,798,0,0,0,0,0,0,0,798,0,0,0,0,0,0,0,0,798,0,0,0,0,0,0,0,0,0,0,0,798,0,0,0,0,0,0,0,798,0,0,0,0,0,0,0,798,0,0,0,0,0,0,0,798,0,0,0,0,0,0,0,0,0,0,0,798,0,0,0,0,0,0,0,798,0,0,0,0,0,0,0,0,0,798,0,0,0,0,0,1218,0,1218,0,1218,0,0,0,798,0,0,0,0,0,0,0,0,0,0,0,0,0,0,798,0,0,0,0,0,798,0,0,0,0,0,0,0,0,0,798,0,0,0,0,0,0,0,0,798,0,0,0,0,0,0,798,0,675,0,0,0,798,
1279,0,0,0,0,0,0,0,0,0,0,0,0,0,0,0,1216,0,0,0,0,0,0,0,0,0,0,0,0,0,0,0,0,0,0,0,0,0,0,0,0,0,0,0,0,0,0,0,0,0,0,0,0,0,0,0,0,0,0,0,0,0,0,0,0,0,0,0,0,0,0,0,0,0,0,0,0,0,0,0,0,0,0,0,0,0,0,0,0,0,0,0,0,0,0,0,0,0,0,0,0,0,0,0,0,0,0,0,0,0,0,0,0,0,0,0,0,0,0,0,0,0,0,0,0,0,0,0,0,0,0,0,0,0,0,0,1216,0,1218,0,1218,0,1218,0,1216,0,0,0,0,0,0,0,0,0,0,1216,1216,1216,1216,1216,0,0,1216,0,0,1216,0,0,1216,1216,1216,1216,0,0,1216,1216,1216,1216,1216,1216,1216,0,0,0,0,0,0,0,0,0,0,0,0,0,0,675,0,0,0,617,
1280,0,0,0,0,0,0,0,0,0,0,0,0,0,1216,0,0,0,0,0,0,0,0,0,0,0,0,0,0,0,0,0,0,0,0,0,0,0,0,0,1216,1216,1216,1216,0,0,0,0,0,0,0,0,0,0,0,0,0,0,0,0,0,0,0,0,0,0,0,0,0,0,0,0,0,0,0,0,0,0,0,0,0,0,0,0,0,0,0,0,0,0,0,0,0,0,0,0,0,0,0,0,0,0,0,0,0,0,0,0,0,0,0,0,0,0,0,0,0,0,0,0,0,0,0,0,0,0,0,0,0,0,0,0,0,0,0,0,1218,0,1218,0,1218,0,1218,0,1218,0,0,0,0,0,0,0,0,0,0,0,0,0,0,0,0,0,0,0,0,0,0,0,0,0,0,0,0,0,0,0,0,0,0,0,0,0,0,0,0,0,0,0,0,0,0,0,0,0,0,675,0,0,0,618,
1279,0,0,0,0,0,0,0,0,0,0,0,1216,0,0,0,0,0,0,0,0,0,0,0,0,0,0,0,0,0,0,0,0,0,0,0,0,0,0,0,0,0,0,0,0,0,0,0,0,0,0,0,0,0,0,0,0,0,0,0,0,0,0,0,0,0,0,0,0,0,0,0,0,0,0,0,0,0,0,0,0,0,0,0,0,0,0,0,0,0,0,0,0,0,0,0,0,0,0,0,0,0,0,0,0,0,0,0,0,0,0,0,0,0,1371,1375,1375,1375,1375,1375,1375,1375,1375,1375,1375,1377,1216,1216,1216,1216,1216,1216,1216,1216,0,0,1218,0,1218,0,1218,0,1218,0,1218,0,0,1216,1216,1216,1216,1217,1217,1217,0,0,0,0,0,0,0,0,0,0,0,0,0,0,0,0,0,0,0,0,0,0,0,0,0,0,0,0,0,0,0,0,0,0,0,0,0,0,0,0,0,675,0,0,0,618,
182,182,182,182,182,182,182,182,182,182,0,0,0,0,0,0,0,0,0,0,0,0,0,0,0,1216,0,0,1216,0,0,662,662,662,662,0,0,665,665,665,665,665,665,665,665,665,665,665,665,665,0,0,0,0,0,0,0,0,0,0,0,0,0,0,0,0,0,0,1217,1217,1217,1217,0,0,0,0,0,0,0,0,0,0,0,0,0,0,0,0,0,0,0,0,0,0,0,0,0,0,0,0,0,0,0,0,0,0,0,1305,1305,1305,1305,0,0,0,1215,0,0,0,0,0,0,0,0,0,0,0,1218,1218,1218,1218,1218,1218,1218,1218,0,0,1218,0,1218,0,1218,0,1218,0,1218,0,0,1218,1218,1218,1218,1217,1217,1217,0,0,0,0,0,0,0,0,0,0,0,0,0,0,0,0,0,0,0,0,0,0,0,0,0,0,0,0,0,0,0,0,0,0,0,0,0,0,0,0,0,675,0,0,0,618,
213,213,213,213,213,213,213,213,213,213,0,0,0,0,0,0,0,0,0,0,0,0,0,0,0,0,0,0,0,0,0,693,693,693,693,0,0,695,695,695,695,695,695,695,695,695,695,695,695,695,0,0,0,0,0,0,0,0,0,0,0,0,0,0,0,0,0,0,0,0,0,0,0,0,0,0,0,0,0,0,0,0,0,0,0,0,0,0,0,0,0,0,0,0,0,0,552,0,0,0,0,0,0,0,0,1305,0,554,0,0,554,0,0,0,1215,0,0,0,0,0,0,1308,1308,1308,1308,1308,1218,1218,1218,1218,1218,1218,1218,1218,0,0,1218,0,1218,0,1218,0,1218,0,1218,0,0,1218,1218,1218,1218,1217,1217,1217,0,0,0,0,0,0,0,0,0,0,0,0,0,0,0,0,0,0,0,0,0,0,0,0,0,0,0,0,0,0,0,0,0,0,0,0,0,0,0,0,0,675,0,0,0,618,
213,213,213,213,213,213,213,213,213,213,494,494,494,494,494,494,494,494,494,494,494,494,494,494,494,494,494,494,494,494,494,693,693,693,693,494,494,695,695,695,695,695,695,695,695,695,695,695,695,695,0,0,1216,0,0,0,0,0,0,0,0,0,0,0,0,1217,1217,1217,0,0,0,0,0,0,0,0,0,0,0,0,0,0,0,0,0,0,0,0,0,0,0,0,0,0,0,0,0,0,0,0,0,0,0,1305,0,554,0,554,0,0,554,0,0,0,1215,1281,1282,1283,1281,1282,1283,1281,1282,1281,1282,1283,1218,1218,1218,1218,1218,1218,1218,1218,0,0,1218,0,1218,0,1218,0,1218,0,1218,0,0,1218,1218,1218,1218,1217,1217,1217,0,0,0,0,0,0,0,0,0,0,0,0,0,0,0,0,0,0,0,0,0,0,0,0,0,0,0,0,0,663,663,663,663,663,663,663,663,663,663,663,663,663,663,663,663,663,
213,213,213,213,213,213,213,213,213,213,523,523,523,523,523,523,523,523,523,523,523,523,523,523,523,523,523,523,523,523,523,693,693,693,693,523,523,695,695,695,695,695,0,695,695,695,695,695,695,695,0,0,0,0,0,0,0,0,0,0,0,0,0,0,0,0,0,0,0,0,0,0,0,0,0,0,0,0,0,0,0,0,0,0,0,0,0,0,0,0,0,0,0,0,0,0,0,552,0,0,0,1305,0,554,0,554,0,554,0,0,554,0,0,0,1215,0,0,0,0,0,0,0,0,0,0,0,1218,1218,1218,1218,1218,1218,1218,1218,0,0,1218,0,1218,0,1218,0,1218,0,1218,0,0,1218,1218,1218,1218,1217,1217,1217,493,493,493,493,493,493,493,493,493,493,493,493,493,493,493,493,493,493,493,493,493,493,493,493,493,493,493,493,493,695,695,695,695,695,695,695,695,695,695,695,695,695,695,695,695,695,
213,213,213,213,213,213,213,213,213,213,523,523,523,523,523,523,523,523,523,523,523,523,523,523,523,523,523,523,523,523,523,693,693,693,693,523,523,695,695,695,695,695,695,695,695,695,695,695,695,695,0,0,0,0,1216,0,0,0,0,0,0,0,0,1217,1217,0,0,0,0,0,0,0,0,0,0,0,0,0,0,0,0,0,0,0,0,0,0,0,0,0,0,0,0,0,0,0,0,0,0,1305,0,554,0,554,0,554,0,554,0,0,554,0,0,0,1215,0,0,0,0,0,0,0,0,0,0,0,1218,1218,1218,1218,1218,1218,1218,1218,0,0,1218,0,1218,0,1218,0,1218,0,1218,0,0,1218,1218,1218,1218,1217,1217,1217,523,523,523,523,523,523,523,523,523,523,523,523,523,523,523,523,523,523,523,523,523,523,523,523,523,523,523,523,523,695,695,695,695,695,695,695,695,695,695,695,695,695,695,695,695,695,
213,213,213,213,213,213,213,213,213,213,523,523,523,523,523,523,523,523,523,523,523,523,523,523,523,523,523,523,523,523,523,693,693,693,693,523,523,695,695,695,695,695,695,695,695,695,695,695,695,695,0,0,0,0,0,0,0,0,0,0,0,0,0,0,0,0,0,0,0,0,0,0,0,0,0,0,0,0,0,0,0,0,0,0,0,0,0,0,0,0,0,0,0,0,0,0,0,1305,0,554,0,554,0,554,0,554,0,554,0,0,554,1343,1344,1345,1215,0,0,0,0,0,0,0,0,0,0,0,1218,1218,1218,1218,1218,1218,1218,1218,0,0,1218,0,1218,0,1218,0,1218,0,1218,0,0,1218,1218,1218,1217,1217,1217,1217,523,523,523,523,523,523,523,523,523,523,523,523,523,523,523,523,523,523,523,523,523,523,523,523,523,523,523,523,523,695,695,695,695,695,695,695,695,695,695,695,695,695,695,695,695,695,
213,213,213,213,213,213,213,213,213,213,523,523,523,523,523,523,523,523,523,523,523,523,523,523,523,523,523,523,523,523,523,693,693,693,693,523,523,695,695,695,695,695,695,695,695,695,695,695,695,695,0,0,0,0,0,0,1216,0,1216,1216,1216,1216,1216,0,0,0,0,663,663,663,663,663,663,663,663,663,663,663,0,0,0,0,0,0,0,0,0,0,0,0,0,0,0,0,0,1305,0,554,0,554,0,554,0,554,0,554,0,554,0,0,554,1343,1344,1345,1215,493,493,493,493,493,493,493,493,493,493,494,1218,1218,1218,1218,1218,1218,1218,1218,0,0,1218,0,1218,0,1218,0,1218,0,1218,0,0,1218,1218,1218,1217,1217,1217,1217,523,523,523,523,523,523,523,523,523,523,523,523,523,523,523,523,523,523,523,523,523,523,523,523,523,523,523,523,523,695,695,695,695,695,695,695,695,695,695,695,695,695,695,695,695,695,
213,213,213,213,213,213,213,213,213,213,523,523,523,523,523,523,523,523,523,523,523,523,523,523,523,523,523,523,523,523,523,693,693,693,693,523,523,695,695,695,695,695,695,695,695,695,695,695,695,695,494,494,494,494,494,494,494,494,494,494,494,494,494,494,494,494,494,695,695,695,695,695,695,695,695,695,695,695,0,1217,0,0,0,0,1217,0,0,0,0,0,0,0,0,1305,0,554,0,554,0,554,0,554,0,554,0,554,0,554,0,0,554,1343,1344,1345,1215,523,523,523,523,523,523,523,523,523,523,523,1218,1218,1218,1218,1218,1218,1218,1218,0,0,1218,0,1218,0,1218,0,1218,0,1218,0,0,1218,1218,1218,1217,1217,1217,1217,523,523,523,523,523,523,523,523,523,523,523,523,523,523,523,523,523,523,523,523,523,523,523,523,523,523,523,523,523,695,695,695,695,695,695,695,695,695,695,695,695,695,695,695,695,695,
213,213,213,213,213,213,213,213,213,213,523,523,523,523,523,523,523,523,523,523,523,523,523,523,523,523,523,523,523,523,523,693,693,693,693,523,523,695,695,695,695,695,695,695,695,695,695,695,695,695,523,523,523,523,523,523,523,523,523,523,523,523,523,523,523,523,523,695,695,695,695,695,695,695,695,695,695,695,0,0,0,0,0,0,0,0,0,0,0,0,0,0,0,554,0,554,0,554,0,554,0,554,0,554,0,554,0,554,0,0,554,1343,1344,1345,1215,523,523,523,523,523,523,523,523,523,523,523,1218,1218,1218,1218,1218,1218,1218,1218,0,0,1218,0,1218,0,1218,0,1218,0,1218,0,0,1218,1218,1218,1217,1217,1217,1217,523,523,523,523,523,523,523,523,523,523,523,523,523,523,523,523,523,523,523,523,523,523,523,523,523,523,523,523,523,695,695,695,695,695,695,695,695,695,695,695,695,695,695,695,695,695,
213,213,213,213,213,213,213,213,213,213,523,523,523,523,523,523,523,523,523,523,523,523,523,523,523,523,523,523,523,523,523,693,693,693,693,523,523,695,695,695,695,695,695,695,695,695,695,695,695,695,523,523,523,523,523,523,523,523,523,523,523,523,523,523,523,523,523,695,695,695,695,695,695,695,695,695,695,695,494,494,1217,494,1217,494,494,494,1217,494,1217,494,494,1217,0,554,0,554,0,554,0,554,0,554,0,554,0,554,0,554,0,0,554,1372,1372,1372,1215,523,523,523,523,523,523,523,523,523,523,523,1218,1218,1218,1218,1218,1218,1218,1218,1227,1227,1218,1227,1218,1227,1218,1227,1218,1227,1218,1227,1227,1218,1218,1218,1217,1217,1217,1217,523,523,523,523,523,523,523,523,523,523,523,523,523,523,523,523,523,523,523,523,523,523,523,523,523,523,523,523,523,695,695,695,695,695,695,695,695,695,695,695,695,695,695,695,695,695

[Object Layer 1]
# Player
type=Player
location=2,22,1,1

[Object Layer 1]
# Key
type=Key
location=7,22,1,1

[Object Layer 1]
# Bat
type=Bat
location=28,20,1,1

[Object Layer 1]
# Diamond
type=Diamond
location=25,22,1,1

[Object Layer 1]
# Key
type=Key
location=21,16,1,1

[Object Layer 1]
# Saw
type=Saw
location=45,22,1,1

[Object Layer 1]
# Demon
type=Demon
location=33,22,1,1

[Object Layer 1]
# Demon
type=Demon
location=59,28,1,1

[Object Layer 1]
# Bat
type=Bat
location=57,24,1,1

[Object Layer 1]
# Saw
type=Saw
location=68,28,1,1

[Object Layer 1]
# Key
type=Key
location=66,28,1,1

[Object Layer 1]
# Diamond
type=Diamond
location=80,31,1,1

[Object Layer 1]
# Bat
type=Bat
location=89,28,1,1

[Object Layer 1]
# Diamond
type=Diamond
location=91,31,1,1

[Object Layer 1]
# Key
type=Key
location=109,22,1,1

[Object Layer 1]
# DemonS
type=DemonS
location=101,25,1,1

[Object Layer 1]
# DemonS
type=DemonS
location=105,23,1,1

[Object Layer 1]
# Snail
type=Snail
location=108,22,1,1

[Object Layer 1]
# Saw
type=Saw
location=115,24,1,1

[Object Layer 1]
# Key
type=Key
location=140,15,1,1

[Object Layer 1]
# Bat
type=Bat
location=150,19,1,1

[Object Layer 1]
# Bat
type=Bat
location=151,19,1,1

[Object Layer 1]
# Demon
type=Demon
location=190,23,1,1

[Object Layer 1]
# Demon
type=Demon
location=185,24,1,1

[Object Layer 1]
# Key
type=Key
location=150,20,1,1

[Object Layer 1]
# Key
type=Key
location=122,23,1,1

[Object Layer 1]
# Boss3
type=Boss3
location=156,19,1,1

