[header]
width=200
height=32
tilewidth=21
tileheight=21
orientation=orthogonal

[tilesets]
tileset=CS3113/assets/graphics/Platformer assets pixel (900 assets)/spritesheet.png,21,21,0,0
tileset=CS3113/assets/graphics/Platformer assets pixel (900 assets)/spritesheet_rgba.png,21,21,0,0
tileset=CS3113/assets/graphics/Archive (500 assets)/Platformer assets pixel (retired, 380 assets)/spritesheet.png,21,21,0,0

[layer]
type=Tile Layer 2
data=
2126,2126,2126,2127,2128,2126,2127,2128,2126,2126,2126,2127,2128,2126,2126,2126,2126,2126,2126,2126,2126,2126,2126,2126,2126,2126,2126,2126,2126,2127,2128,2129,2126,2127,2128,2129,2130,2126,2127,2128,2129,2130,2127,2126,2126,2126,2126,2126,2126,2126,2126,2126,2126,2126,2126,2126,2126,2126,2126,2126,2126,2126,2126,2126,2126,2126,2126,2126,2127,2128,2126,2127,2128,2129,2130,2130,2126,2127,2128,2129,2126,2127,2128,2129,2126,2127,2128,2129,2130,2126,2127,2128,2129,2130,2128,2128,2128,2128,2128,2128,2128,2129,2129,2129,2130,2130,2130,2130,2130,2130,2130,2130,2130,2130,2126,2126,2126,2126,2126,2126,2126,2126,2126,2126,2126,2126,2126,2126,2126,2126,2126,2126,2126,2126,2126,2126,2126,2126,2126,2126,2126,2126,2127,2128,2126,2127,2128,2129,2130,2130,2126,2127,2126,2126,2126,2126,2126,2126,2126,2126,2126,2126,2127,2128,2129,2126,2127,2128,2129,2126,2126,2126,2127,2128,2129,2130,2130,2130,2130,2130,2130,2130,2130,2130,2127,2127,2127,2127,2127,2127,2127,2127,2127,2127,2127,2127,2127,2127,2127,2127,
2127,2128,2126,2127,2128,2126,2127,2128,2129,2126,2126,2126,2127,2126,2126,2126,2126,2126,2126,2126,2126,2126,2126,2126,2126,2126,2126,2126,2126,2127,2128,2129,2126,2127,2128,2129,2130,2126,2127,2128,2129,2130,2127,2126,2126,2126,2126,2126,2126,2126,2126,2126,2126,2126,2126,2126,2126,2126,2126,2126,2126,2126,2126,2126,2126,2127,2128,2126,2127,2128,2129,2130,2130,2126,2127,2128,2129,2130,2130,2130,2126,2127,2128,2129,2126,2127,2128,2129,2130,2126,2127,2128,2129,2130,2127,2127,2127,2127,2127,2128,2128,2128,2128,2128,2129,2129,2129,2129,2130,2130,2130,2130,2130,2130,2126,2126,2126,2126,2126,2126,2126,2126,2126,2126,2126,2126,2126,2126,2126,2126,2126,2126,2126,2126,2126,2126,2126,2126,2126,2126,2126,2126,2126,2126,2126,2126,2127,2128,2126,2127,2128,2126,2126,2126,2126,2126,2126,2126,2126,2126,2126,2126,2126,2127,2128,2126,2126,2127,2128,2126,2127,2126,2127,2128,2129,2130,2130,2130,2130,2130,2130,2130,2130,2130,2130,2130,2130,2130,2130,2130,2130,2130,2130,2130,2130,2130,2130,2130,2130,2130,
2127,2128,2126,2127,2128,2126,2127,2128,2129,2130,2130,2126,2126,2126,2126,2126,2126,2126,2126,2126,2126,2126,2126,2126,2126,2126,2126,2126,2126,2127,2128,2129,2126,2127,2128,2129,2126,2126,2127,2128,2129,2130,2127,2126,2126,2126,2126,2126,2126,2126,2126,2126,2126,2126,2126,2126,2126,2126,2126,2126,2126,2126,2127,2128,2126,2127,2128,2129,2130,2130,2126,2127,2128,2129,2130,2130,2130,2130,2130,2130,2126,2127,2128,2129,2126,2127,2128,2129,2130,2126,2127,2128,2129,2130,2127,2127,2127,2127,2127,2127,2127,2128,2128,2128,2128,2128,2128,2128,2129,2129,2129,2129,2129,2129,2126,2126,2126,2126,2126,2126,2126,2126,2126,2126,2126,2126,2126,2126,2126,2126,2126,2126,2126,2126,2126,2126,2126,2126,2126,2126,2126,2126,2126,2126,2126,2126,2126,2126,2126,2126,2126,2126,2126,2126,2126,2126,2126,2126,2126,2126,2126,2129,2126,2127,2128,2126,2126,2127,2128,2126,2127,2126,2127,2128,2129,2130,2130,2130,2130,2130,2130,2130,2130,2130,2130,2130,2130,2130,2130,2130,2130,2130,2130,2130,2130,2130,2130,2130,2130,2130,
2127,2128,2126,2127,2128,2126,2127,2128,2129,2130,2130,2130,2126,2126,2126,2126,2126,2126,2126,2126,2126,2126,2126,2126,2126,2126,2126,2126,2126,2127,2128,2129,2126,2127,2128,2129,2126,2126,2126,2127,2128,2129,2130,2126,2126,2126,2126,2126,2126,2126,2126,2126,2126,2126,2126,2126,2126,2126,2126,2127,2128,2126,2127,2128,2129,2130,2130,2126,2127,2128,2129,2130,2130,2130,2130,2130,2130,2130,2130,2130,2126,2127,2128,2129,2126,2127,2128,2129,2130,2126,2127,2128,2129,2130,2127,2127,2127,2127,2127,2127,2127,2127,2127,2127,2128,2128,2128,2128,2128,2128,2128,2128,2128,2128,2126,2126,2126,2126,2126,2126,2126,2126,2126,2126,2126,2126,2126,2126,2126,2126,2126,2126,2126,2126,2126,2126,2126,2126,2126,2126,2126,2126,2126,2126,2126,2126,2126,2126,2126,2126,2126,2126,2126,2126,2126,2126,2126,2126,2126,2126,2126,2129,2126,2127,2128,2126,2126,2126,2127,2126,2127,2126,2127,2128,2129,2130,2130,2130,2130,2130,2130,2130,2130,2130,2130,2130,2130,2130,2130,2130,2130,2130,2130,2130,2130,2130,2130,2130,2130,2130,
2127,2128,2126,2127,2128,2126,2126,2127,2128,2129,2130,2130,2126,2126,2126,2126,2126,2126,2126,2126,2126,2126,2126,2126,2126,2126,2126,2126,2126,2126,2127,2128,2126,2126,2127,2128,2126,2127,2126,2127,2128,2129,2130,2130,2130,2130,2130,2130,2130,2130,2130,2130,2130,2130,2130,2130,2130,2130,2130,2130,2130,2130,2130,2130,2130,2130,2130,2130,2130,2130,2130,2126,2126,2126,2126,2126,2126,2126,2126,2126,2126,2127,2128,2129,2126,2127,2128,2129,2126,2126,2127,2128,2129,2130,2127,2127,2127,2127,2127,2127,2127,2127,2127,2127,2127,2127,2127,2127,2128,2128,2128,2128,2128,2128,2126,2126,2126,2126,2126,2126,2126,2126,2126,2126,2126,2126,2126,2126,2126,2126,2126,2126,2126,2126,2126,2126,2126,2126,2126,2126,2126,2126,2126,2127,2128,2126,2127,2128,2129,2130,2130,2126,2127,2128,2129,2130,2130,2130,2130,2130,2130,2129,2126,2127,2126,2126,2127,2126,2127,2126,2127,2126,2127,2128,2129,2130,2130,2130,2130,2130,2130,2130,2130,2130,2130,2130,2130,2130,2130,2130,2130,2130,2130,2130,2130,2130,2130,2130,2130,2130,
2127,2128,2126,2127,2128,2129,2126,2127,2128,2129,2130,2126,2126,2126,2126,2126,2126,2126,2126,2126,2126,2126,2126,2129,2129,2129,2129,2129,2129,2126,2127,2128,2126,2126,2127,2128,2126,2127,2126,2127,2128,2129,2130,2130,2130,2130,2130,2130,2130,2130,2130,2130,2130,2130,2130,2130,2130,2130,2130,2130,2130,2130,2130,2130,2130,2130,2130,2130,2130,2130,2130,2126,2126,2126,2126,2126,2126,2126,2126,2126,2126,2127,2128,2129,2126,2127,2128,2129,2126,2126,2126,2127,2128,2129,2130,2130,2130,2130,2130,2127,2127,2127,2127,2127,2127,2127,2127,2127,2127,2127,2127,2127,2127,2127,2126,2126,2126,2126,2126,2126,2126,2126,2126,2126,2126,2126,2126,2126,2126,2126,2126,2126,2126,2126,2126,2126,2126,2126,2126,2126,2126,2126,2126,2127,2128,2126,2127,2128,2129,2130,2130,2130,2126,2127,2128,2129,2130,2130,2130,2130,2130,2130,2130,2130,2130,2130,2130,2130,2130,2130,2129,2126,2127,2126,2126,2127,2126,2127,2126,2127,2126,2127,2128,2129,2130,2130,2130,2130,2130,2130,2130,2130,2130,2130,2130,2130,2130,2130,2130,2130,
2127,2128,2126,2127,2128,2129,2126,2127,2128,2129,2130,2126,2126,2126,2126,2126,2126,2126,2129,2129,2129,2129,2129,2129,2129,2129,2129,2129,2129,2126,2127,2128,2126,2126,2126,2127,2126,2127,2126,2127,2128,2129,2130,2130,2130,2130,2130,2130,2130,2130,2130,2130,2130,2130,2130,2130,2130,2130,2130,2130,2130,2130,2130,2130,2130,2130,2130,2130,2130,2130,2130,2126,2126,2126,2126,2126,2126,2126,2126,2126,2126,2126,2127,2128,2126,2126,2127,2128,2126,2127,2126,2127,2128,2129,2130,2130,2130,2130,2130,2130,2130,2127,2127,2127,2127,2127,2127,2127,2127,2127,2127,2127,2127,2127,2126,2126,2126,2126,2126,2126,2126,2126,2126,2126,2126,2126,2126,2126,2126,2126,2126,2126,2126,2126,2126,2126,2126,2126,2126,2126,2126,2126,2126,2127,2128,2126,2126,2127,2128,2129,2130,2130,2126,2127,2128,2129,2130,2130,2130,2130,2130,2130,2130,2130,2130,2130,2130,2130,2130,2130,2130,2130,2130,2130,2130,2130,2130,2130,2126,2126,2126,2126,2126,2126,2126,2129,2126,2127,2126,2126,2127,2126,2127,2126,2127,2126,2127,2128,2129,2130,
2127,2128,2126,2127,2128,2129,2126,2127,2128,2129,2130,2126,2126,2126,2126,2126,2129,2129,2129,2129,2129,2129,2129,2129,2129,2129,2129,2129,2129,2126,2127,2126,2126,2127,2126,2127,2126,2127,2126,2127,2128,2129,2130,2129,2129,2129,2129,2129,2129,2129,2129,2129,2129,2129,2129,2129,2129,2129,2129,2129,2129,2129,2129,2129,2129,2129,2129,2129,2129,2129,2129,2126,2126,2126,2126,2126,2126,2126,2126,2126,2129,2126,2127,2128,2126,2126,2127,2128,2126,2127,2126,2127,2128,2129,2130,2130,2130,2130,2130,2130,2130,2130,2130,2130,2127,2127,2127,2127,2127,2127,2127,2127,2127,2127,2126,2126,2126,2126,2126,2126,2126,2126,2126,2126,2126,2126,2126,2126,2126,2126,2126,2126,2126,2126,2126,2126,2126,2126,2126,2126,2126,2126,2126,2127,2128,2129,2126,2127,2128,2129,2130,2126,2127,2128,2129,2130,2129,2129,2129,2129,2129,2129,2129,2129,2129,2129,2129,2129,2129,2129,2129,2129,2129,2129,2129,2129,2129,2129,2126,2126,2126,2126,2126,2126,2126,2129,2126,2127,2126,2126,2127,2126,2127,2126,2127,2126,2127,2128,2129,2130,
2127,2128,2126,2127,2128,2129,2126,2127,2128,2129,2130,2126,2126,2126,2126,2129,2129,2129,2129,2129,2129,2129,2129,2126,2127,2126,2126,2127,2126,2127,2126,2127,2126,2127,2128,2129,2130,2128,2128,2128,2128,2128,2128,2128,2128,2128,2128,2128,2128,2128,2128,2128,2128,2128,2128,2128,2128,2128,2128,2128,2128,2128,2128,2128,2128,2128,2128,2128,2128,2128,2128,2126,2126,2126,2126,2126,2126,2126,2126,2126,2129,2126,2127,2128,2126,2126,2126,2127,2126,2127,2126,2127,2128,2129,2130,2130,2130,2130,2130,2130,2130,2130,2130,2130,2130,2130,2130,2130,2127,2127,2127,2127,2127,2127,2126,2126,2126,2126,2126,2126,2126,2126,2126,2126,2126,2126,2126,2126,2126,2126,2126,2126,2126,2126,2126,2126,2126,2126,2126,2126,2126,2126,2126,2127,2128,2129,2126,2127,2128,2129,2130,2126,2127,2128,2129,2130,2128,2128,2128,2128,2128,2128,2128,2128,2128,2128,2128,2128,2128,2128,2128,2128,2128,2128,2128,2128,2128,2128,2126,2126,2126,2126,2126,2126,2126,2129,2126,2127,2126,2126,2127,2126,2127,2126,2127,2126,2127,2128,2129,2130,
2127,2128,2126,2127,2128,2129,2126,2127,2128,2129,2130,2126,2126,2126,2126,2129,2129,2129,2129,2126,2127,2126,2126,2127,2126,2127,2126,2127,2126,2127,2128,2129,2130,2128,2128,2128,2128,2128,2128,2128,2128,2128,2128,2128,2128,2128,2128,2128,2128,2128,2128,2128,2128,2128,2128,2128,2128,2128,2128,2128,2128,2128,2128,2128,2128,2128,2128,2128,2128,2128,2128,2126,2126,2126,2126,2126,2126,2126,2126,2126,2129,2126,2127,2126,2126,2127,2126,2127,2126,2127,2126,2127,2128,2129,2130,2130,2130,2130,2130,2130,2130,2130,2130,2130,2130,2130,2130,2130,2130,2130,2130,2130,2130,2130,2126,2126,2126,2126,2126,2126,2126,2126,2126,2126,2126,2126,2126,2126,2126,2126,2126,2126,2126,2126,2126,2126,2126,2126,2126,2126,2126,2126,2126,2127,2128,2129,2126,2127,2128,2129,2130,2126,2127,2128,2129,2130,2128,2128,2128,2128,2128,2128,2128,2128,2128,2128,2128,2128,2128,2128,2128,2128,2128,2128,2128,2128,2128,2128,2126,2126,2126,2126,2126,2126,2126,2129,2126,2127,2126,2126,2127,2126,2127,2126,2127,2126,2127,2128,2129,2130,
2127,2128,2126,2127,2128,2129,2126,2127,2128,2129,2130,2126,2126,2126,2129,2129,2129,2126,2127,2126,2126,2127,2126,2127,2126,2127,2126,2127,2128,2129,2130,2127,2127,2127,2127,2127,2127,2127,2127,2127,2127,2127,2127,2127,2127,2127,2127,2127,2127,2127,2127,2127,2127,2127,2127,2127,2127,2127,2127,2127,2127,2127,2127,2127,2127,2127,2127,2127,2127,2127,2127,2126,2126,2126,2126,2126,2126,2126,2126,2126,2126,2126,2126,2126,2126,2129,2126,2127,2126,2126,2127,2126,2127,2126,2127,2126,2127,2128,2129,2130,2130,2130,2130,2130,2130,2130,2130,2130,2130,2130,2130,2130,2130,2130,2129,2129,2129,2129,2129,2129,2129,2129,2129,2126,2126,2126,2126,2126,2126,2126,2126,2126,2126,2126,2126,2126,2126,2126,2126,2126,2126,2126,2126,2127,2128,2129,2126,2127,2128,2129,2130,2126,2127,2128,2129,2130,2127,2127,2127,2127,2127,2127,2127,2127,2127,2127,2127,2127,2127,2127,2127,2127,2127,2127,2127,2127,2127,2127,2126,2126,2126,2126,2126,2126,2126,2129,2126,2127,2126,2126,2127,2126,2127,2126,2127,2126,2127,2128,2129,2130,
2127,2128,2126,2127,2128,2129,2126,2127,2128,2129,2126,2126,2126,2126,2129,2129,2126,2127,2126,2126,2127,2126,2127,2126,2127,2126,2127,2128,2129,2130,2127,2127,2127,2127,2127,2127,2127,2127,2127,2127,2127,2127,2127,2127,2127,2127,2127,2127,2127,2127,2127,2127,2127,2127,2127,2127,2127,2127,2127,2127,2127,2127,2127,2127,2127,2127,2127,2127,2127,2127,2127,2126,2126,2126,2126,2126,2126,2126,2126,2126,2126,2126,2126,2126,2126,2126,2126,2129,2126,2127,2126,2126,2127,2126,2127,2126,2127,2126,2127,2128,2129,2130,2130,2130,2130,2130,2130,2130,2130,2130,2130,2130,2130,2130,2129,2129,2129,2129,2129,2129,2129,2129,2129,2129,2129,2129,2129,2129,2129,2126,2126,2126,2126,2126,2126,2126,2126,2126,2126,2126,2126,2126,2126,2127,2128,2129,2126,2127,2128,2129,2130,2126,2127,2128,2129,2130,2127,2127,2127,2127,2127,2127,2127,2127,2127,2127,2127,2127,2127,2127,2127,2127,2127,2127,2127,2127,2127,2127,2126,2126,2126,2126,2126,2126,2126,2129,2126,2127,2126,2126,2127,2126,2127,2126,2127,2126,2127,2128,2129,2130,
2127,2128,2126,2127,2128,2129,2126,2127,2128,2129,2126,2126,2126,2129,2129,2126,2127,2126,2126,2127,2126,2127,2126,2127,2126,2127,2128,2129,2130,2127,2127,2127,2127,2127,2127,2127,2127,2127,2127,2127,2127,2127,2127,2127,2127,2127,2127,2127,2127,2127,2127,2127,2127,2127,2127,2127,2127,2127,2127,2127,2127,2127,2127,2127,2127,2127,2127,2127,2127,2127,2127,2126,2126,2126,2126,2126,2126,2126,2126,2126,2126,2126,2126,2126,2126,2126,2126,2126,2126,2126,2129,2126,2127,2126,2126,2127,2126,2127,2126,2127,2126,2127,2128,2129,2130,2130,2130,2130,2130,2130,2130,2130,2130,2130,2129,2129,2129,2129,2129,2129,2129,2129,2129,2129,2129,2129,2129,2129,2129,2129,2129,2129,2129,2129,2129,2129,2129,2129,2129,2129,2129,2129,2126,2127,2128,2129,2126,2127,2128,2129,2130,2126,2127,2128,2129,2130,2127,2127,2127,2127,2127,2127,2127,2127,2127,2127,2127,2127,2127,2127,2127,2127,2127,2127,2127,2127,2127,2127,2126,2126,2126,2126,2126,2126,2126,2129,2126,2127,2126,2126,2127,2126,2127,2126,2127,2126,2127,2128,2129,2130,
2127,2128,2126,2126,2127,2128,2126,2126,2127,2128,2126,2127,2126,2129,2129,2126,2127,2126,2126,2127,2126,2127,2126,2127,2126,2127,2128,2129,2130,2127,2127,2127,2127,2127,2127,2127,2127,2127,2127,2127,2127,2127,2127,2127,2127,2127,2127,2127,2127,2127,2127,2127,2127,2127,2127,2127,2127,2127,2127,2127,2127,2127,2127,2127,2127,2127,2127,2127,2127,2127,2127,2126,2126,2126,2126,2126,2126,2126,2126,2126,2126,2126,2126,2126,2126,2126,2126,2126,2126,2126,2126,2126,2126,2126,2129,2126,2127,2126,2126,2127,2126,2127,2126,2127,2126,2127,2128,2129,2130,2130,2130,2130,2130,2130,2130,2130,2130,2130,2126,2126,2126,2126,2126,2129,2129,2129,2129,2129,2129,2129,2129,2129,2129,2129,2129,2129,2129,2129,2129,2129,2129,2129,2126,2127,2128,2129,2126,2127,2128,2129,2126,2126,2127,2128,2129,2130,2127,2127,2127,2127,2127,2127,2127,2127,2127,2127,2127,2127,2127,2127,2127,2127,2127,2127,2127,2127,2127,2127,2126,2126,2126,2126,2126,2126,2126,2129,2126,2127,2126,2126,2127,2126,2127,2126,2127,2126,2127,2128,2129,2130,
2127,2128,2129,2126,2127,2128,2126,2126,2127,2128,2126,2127,2129,2129,2126,2127,2126,2126,2127,2126,2127,2126,2127,2126,2127,2128,2129,2130,2130,2130,2130,2130,2130,2130,2130,2130,2130,2130,2130,2130,2130,2130,2130,2130,2130,2130,2130,2130,2130,2130,2130,2130,2130,2130,2130,2130,2130,2130,2130,2130,2130,2130,2130,2130,2130,2130,2130,2130,2130,2130,2130,2126,2126,2126,2126,2126,2126,2126,2126,2126,2126,2126,2126,2126,2126,2126,2126,2126,2126,2126,2126,2126,2126,2126,2126,2126,2126,2126,2126,2126,2126,2126,2126,2126,2129,2126,2127,2126,2126,2127,2126,2127,2126,2127,2126,2127,2128,2129,2126,2126,2126,2126,2126,2126,2126,2126,2126,2126,2129,2129,2129,2129,2129,2129,2129,2129,2129,2129,2129,2129,2129,2129,2126,2127,2128,2129,2126,2127,2128,2129,2126,2126,2126,2127,2128,2129,2130,2130,2130,2130,2130,2130,2130,2130,2130,2130,2130,2130,2130,2130,2130,2130,2130,2130,2130,2130,2130,2130,2126,2126,2126,2126,2126,2126,2126,2129,2126,2127,2126,2126,2127,2126,2127,2126,2127,2126,2127,2128,2129,2130,
2127,2128,2129,2126,2127,2128,2126,2126,2126,2127,2126,2127,2129,2129,2126,2127,2126,2126,2127,2126,2127,2126,2127,2126,2127,2128,2129,2130,2130,2130,2130,2130,2130,2130,2130,2130,2130,2130,2130,2130,2130,2130,2130,2130,2130,2130,2130,2130,2130,2130,2130,2130,2130,2130,2130,2130,2130,2130,2130,2130,2130,2130,2130,2130,2130,2130,2130,2130,2130,2130,2130,2126,2126,2126,2126,2126,2126,2126,2126,2126,2126,2126,2126,2126,2126,2126,2126,2126,2126,2126,2126,2126,2126,2126,2126,2126,2126,2126,2126,2126,2126,2126,2126,2126,2129,2126,2127,2126,2126,2127,2126,2127,2126,2127,2126,2127,2128,2129,2126,2126,2126,2126,2126,2126,2126,2126,2126,2126,2129,2129,2129,2126,2127,2126,2126,2127,2126,2127,2126,2127,2126,2127,2126,2126,2127,2128,2126,2126,2127,2128,2126,2127,2126,2127,2128,2129,2130,2130,2130,2130,2130,2130,2130,2130,2130,2130,2130,2130,2130,2130,2130,2130,2130,2130,2130,2130,2130,2130,2126,2126,2126,2126,2126,2126,2126,2129,2126,2127,2126,2126,2127,2126,2127,2126,2127,2126,2127,2128,2129,2130,
2127,2128,2129,2126,2127,2126,2126,2127,2126,2127,2126,2127,2129,2126,2127,2126,2126,2127,2126,2127,2126,2127,2126,2127,2128,2129,2130,2130,2130,2130,2130,2130,2130,2130,2130,2130,2130,2130,2130,2130,2130,2130,2130,2130,2130,2130,2130,2130,2130,2130,2130,2130,2130,2130,2130,2130,2130,2130,2130,2130,2130,2130,2130,2130,2130,2130,2130,2130,2130,2130,2130,2129,2129,2129,2129,2129,2129,2129,2129,2129,2129,2129,2129,2129,2129,2129,2129,2129,2129,2129,2129,2129,2129,2129,2129,2129,2129,2129,2129,2129,2129,2129,2129,2129,2129,2126,2127,2126,2126,2127,2126,2127,2126,2127,2126,2127,2128,2129,2129,2129,2129,2129,2129,2129,2129,2129,2129,2129,2129,2129,2129,2129,2126,2127,2126,2126,2127,2126,2127,2126,2127,2126,2129,2126,2127,2128,2126,2126,2127,2128,2126,2127,2126,2127,2128,2129,2130,2130,2130,2130,2130,2130,2130,2130,2130,2130,2130,2130,2130,2130,2130,2130,2130,2130,2130,2130,2130,2130,2129,2129,2129,2129,2129,2129,2129,2129,2126,2127,2126,2126,2127,2126,2127,2126,2127,2126,2127,2128,2129,2130,
2126,2127,2128,2126,2126,2126,2127,2128,2126,2126,2127,2128,2129,2126,2127,2126,2126,2127,2126,2127,2126,2127,2126,2127,2128,2129,2130,2130,2130,2130,2130,2130,2130,2130,2130,2130,2130,2130,2130,2130,2130,2130,2130,2130,2130,2130,2130,2130,2130,2130,2130,2130,2130,2130,2130,2130,2130,2130,2130,2130,2130,2130,2130,2130,2130,2130,2130,2130,2130,2130,2130,2129,2129,2129,2129,2129,2129,2129,2129,2129,2129,2129,2129,2129,2129,2129,2129,2129,2129,2129,2129,2129,2129,2129,2129,2129,2129,2129,2129,2129,2129,2129,2129,2129,2129,2126,2127,2126,2126,2127,2126,2127,2126,2127,2126,2127,2128,2129,2129,2129,2129,2129,2129,2129,2129,2129,2129,2129,2129,2129,2129,2129,2129,2126,2127,2126,2126,2127,2126,2127,2126,2127,2129,2126,2127,2128,2126,2126,2126,2127,2126,2127,2126,2127,2128,2129,2130,2130,2130,2130,2130,2130,2130,2130,2130,2130,2130,2130,2130,2130,2130,2130,2130,2130,2130,2130,2130,2130,2129,2129,2129,2129,2129,2129,2129,2129,2126,2127,2126,2126,2127,2126,2127,2126,2127,2126,2127,2128,2129,2130,
2126,2127,2128,2129,2126,2126,2127,2128,2129,2126,2127,2128,2129,2129,2126,2127,2126,2126,2127,2126,2127,2126,2127,2126,2127,2128,2129,2130,2130,2130,2130,2130,2130,2130,2130,2130,2130,2130,2130,2130,2130,2130,2130,2130,2130,2130,2130,2130,2130,2130,2130,2130,2130,2130,2130,2130,2130,2130,2130,2130,2130,2130,2130,2130,2130,2130,2130,2130,2130,2130,2130,2129,2129,2129,2129,2129,2129,2129,2129,2129,2129,2129,2129,2129,2129,2129,2129,2129,2129,2129,2129,2129,2129,2129,2129,2129,2129,2129,2129,2129,2129,2129,2129,2129,2129,2126,2127,2126,2126,2127,2126,2127,2126,2127,2126,2127,2128,2129,2129,2129,2129,2129,2129,2129,2129,2129,2129,2129,2129,2126,2127,2126,2126,2127,2126,2127,2126,2127,2126,2127,2128,2129,2129,2126,2127,2126,2126,2127,2126,2127,2126,2127,2126,2127,2128,2129,2130,2130,2130,2130,2130,2130,2130,2130,2130,2130,2130,2130,2130,2130,2130,2130,2130,2130,2130,2130,2130,2130,2129,2129,2129,2129,2129,2129,2129,2129,2126,2127,2126,2126,2127,2126,2127,2126,2127,2126,2127,2128,2129,2130,
2120,2121,2122,2123,2124,2125,2126,2127,2128,2120,2121,2122,2123,2124,2125,2126,2127,2128,2129,2120,2121,2122,2123,2124,2125,2126,2120,2121,2122,2123,2124,2125,2126,2127,2128,2129,2120,2121,2122,2123,2124,2125,2126,2127,2128,2129,2120,2121,2122,2123,2124,2125,2126,2127,2128,2129,2130,2120,2121,2122,2123,2124,2125,2126,2127,2128,2129,2130,2120,2121,2122,2123,2124,2125,2126,2127,2128,2129,2130,2120,2121,2122,2123,2124,2125,2126,2127,2128,2129,2130,2120,2121,2122,2123,2124,2125,2126,2127,2128,2129,2130,2120,2121,2122,2123,2124,2125,2126,2127,2128,2129,2130,2120,2121,2122,2123,2124,2125,2126,2127,2128,2129,2130,2120,2121,2122,2123,2124,2125,2126,2127,2128,2129,2130,2120,2121,2122,2123,2124,2125,2126,2127,2128,2129,2130,2120,2121,2122,2123,2124,2125,2126,2127,2128,2129,2130,2120,2121,2122,2123,2124,2125,2126,2127,2128,2129,2130,2120,2121,2122,2123,2124,2125,2126,2127,2128,2129,2130,2120,2121,2122,2123,2124,2125,2126,2127,2128,2129,2120,2121,2122,2123,2124,2125,2126,2127,2128,2129,2130,2120,
2150,2151,2152,2153,2154,2155,2156,2157,2158,2150,2151,2152,2153,2154,2155,2156,2157,2158,2159,2150,2151,2152,2153,2154,2155,2156,2150,2151,2152,2153,2154,2155,2156,2157,2158,2159,2150,2151,2152,2153,2154,2155,2156,2157,2158,2159,2150,2151,2152,2153,2154,2155,2156,2157,2158,2159,2160,2150,2151,2152,2153,2154,2155,2156,2157,2158,2159,2160,2150,2151,2152,2153,2154,2155,2156,2157,2158,2159,2160,2150,2151,2152,2153,2154,2155,2156,2157,2158,2159,2160,2150,2151,2152,2153,2154,2155,2156,2157,2158,2159,2160,2150,2151,2152,2153,2154,2155,2156,2157,2158,2159,2160,2150,2151,2152,2153,2154,2155,2156,2157,2158,2159,2160,2150,2151,2152,2153,2154,2155,2156,2157,2158,2159,2160,2150,2151,2152,2153,2154,2155,2156,2157,2158,2159,2160,2150,2151,2152,2153,2154,2155,2156,2157,2158,2159,2160,2150,2151,2152,2153,2154,2155,2156,2157,2158,2159,2160,2150,2151,2152,2153,2154,2155,2156,2157,2158,2159,2160,2150,2151,2152,2153,2154,2155,2156,2157,2158,2159,2150,2151,2152,2153,2154,2155,2156,2157,2158,2159,2160,2150,
2180,2181,2182,2183,2184,2185,2186,2187,2188,2180,2181,2182,2183,2184,2185,2186,2187,2188,2189,2180,2181,2182,2183,2184,2185,2186,2180,2181,2182,2183,2184,2185,2186,2187,2188,2189,2180,2181,2182,2183,2184,2185,2186,2187,2188,2189,2180,2181,2182,2183,2184,2185,2186,2187,2188,2189,2190,2180,2181,2182,2183,2184,2185,2186,2187,2188,2189,2190,2180,2181,2182,2183,2184,2185,2186,2187,2188,2189,2190,2180,2181,2182,2183,2184,2185,2186,2187,2188,2189,2190,2180,2181,2182,2183,2184,2185,2186,2187,2188,2189,2190,2180,2181,2182,2183,2184,2185,2186,2187,2188,2189,2190,2180,2181,2182,2183,2184,2185,2186,2187,2188,2189,2190,2180,2181,2182,2183,2184,2185,2186,2187,2188,2189,2190,2180,2181,2182,2183,2184,2185,2186,2187,2188,2189,2190,2180,2181,2182,2183,2184,2185,2186,2187,2188,2189,2190,2180,2181,2182,2183,2184,2185,2186,2187,2188,2189,2190,2180,2181,2182,2183,2184,2185,2186,2187,2188,2189,2190,2180,2181,2182,2183,2184,2185,2186,2187,2188,2189,2180,2181,2182,2183,2184,2185,2186,2187,2188,2189,2190,2180,
2181,2182,2183,2184,2185,2186,2187,2188,2189,2180,2181,2182,2183,2184,2185,2186,2187,2188,2189,2180,2181,2182,2183,2184,2185,2186,2187,2180,2181,2182,2183,2184,2185,2186,2187,2188,2180,2181,2182,2183,2184,2185,2186,2187,2188,2189,2180,2181,2182,2183,2184,2185,2186,2187,2188,2189,2190,2180,2181,2182,2183,2184,2185,2186,2187,2188,2189,2190,2180,2181,2182,2183,2184,2185,2186,2187,2188,2189,2190,2180,2181,2182,2183,2184,2185,2186,2187,2188,2189,2190,2180,2181,2182,2183,2184,2185,2186,2187,2188,2189,2190,2180,2181,2182,2183,2184,2185,2186,2187,2188,2189,2190,2180,2181,2182,2183,2184,2185,2186,2187,2188,2189,2190,2180,2181,2182,2183,2184,2185,2186,2187,2188,2189,2190,2180,2181,2182,2183,2184,2185,2186,2187,2188,2189,2190,2180,2181,2182,2183,2184,2185,2186,2187,2188,2189,2190,2180,2181,2182,2183,2184,2185,2186,2187,2188,2189,2190,2180,2181,2182,2183,2184,2185,2186,2187,2188,2189,2190,2180,2181,2182,2183,2184,2185,2186,2187,2188,2189,2180,2181,2182,2183,2184,2185,2186,2187,2188,2189,2190,2180,
2180,2181,2182,2183,2184,2185,2186,2187,2188,2180,2181,2182,2183,2184,2185,2186,2187,2188,2189,2180,2181,2182,2183,2184,2185,2186,2187,2180,2181,2182,2183,2184,2185,2186,2187,2188,2180,2181,2182,2183,2184,2185,2186,2187,2188,2189,2180,2181,2182,2183,2184,2185,2186,2187,2188,2189,2190,2180,2181,2182,2183,2184,2185,2186,2187,2188,2189,2190,2180,2181,2182,2183,2184,2185,2186,2187,2188,2189,2190,2180,2181,2182,2183,2184,2185,2186,2187,2188,2189,2190,2180,2181,2180,2181,2182,2183,2184,2185,2186,2187,2188,2189,2190,2182,2183,2184,2185,2186,2187,2188,2189,2190,2180,2180,2181,2182,2183,2184,2185,2186,2187,2188,2189,2190,2190,2182,2183,2184,2185,2186,2187,2188,2180,2181,2182,2183,2184,2185,2186,2187,2188,2189,2190,2180,2180,2180,2180,2180,2180,2181,2182,2183,2184,2185,2186,2187,2188,2189,2190,2183,2184,2185,2186,2187,2188,2189,2180,2181,2182,2183,2184,2185,2186,2187,2188,2189,2190,2182,2183,2184,2185,2186,2187,2188,2189,2190,2188,2189,2180,2180,2181,2182,2183,2184,2185,2186,2187,2188,2189,2190,
0,0,0,0,0,2180,2181,2182,2183,2184,2185,2186,2187,2188,2189,2190,2181,2182,2183,2184,2185,2186,2187,2188,2189,2190,2190,2190,2190,2190,2190,0,0,2180,2181,2182,2183,2184,2185,2186,2187,2188,2189,2190,2190,2183,2184,2185,2186,2187,2188,2189,2190,2184,2185,2186,2187,2188,2189,2190,2190,2181,2182,2183,2184,2185,2186,2187,2188,2189,2190,2183,2184,2185,2186,2187,2188,2189,2190,2190,2183,2184,2185,2186,2187,2188,2189,2190,0,0,0,0,2180,2181,2182,2183,2184,2185,2186,2187,2188,2189,2190,2181,2182,2183,2184,2185,2186,2187,2180,2180,2180,2180,2181,2182,2183,2184,2185,2186,2187,2188,2189,2190,2190,2181,2182,2183,2184,2185,2186,2187,2188,2189,2190,2183,2184,2185,2186,2187,2188,2189,2190,2182,2183,2184,2185,2186,2187,2180,2180,2180,2181,2182,2183,2184,2185,2186,2187,2188,2189,2190,2180,2180,2180,2180,2180,2181,2182,2183,2184,2185,2186,2187,2188,2189,2190,2190,2190,2190,2190,2190,2190,2188,2189,2180,2181,2180,2181,2182,2183,2184,2185,2186,2187,2188,2189,2190,2190,2190,
0,0,0,0,0,2180,2180,2181,2182,2183,2184,2185,2186,2187,2188,2189,2190,2182,2183,2184,2185,2186,2187,2188,2189,2190,2186,2187,2188,2189,2190,2190,0,2180,2181,2182,2183,2184,2185,2186,2187,2188,2189,2190,2190,2190,2190,2185,2186,2187,2188,2189,2190,2184,2185,2186,2187,2188,2189,2190,2189,2190,2190,2190,2184,2185,2186,2187,2188,2189,2190,2190,2190,2185,2186,2187,2188,2189,2190,2190,2190,2184,2185,2186,2187,2188,2189,2190,0,2180,2180,2180,2180,2181,2182,2183,2184,2185,2186,2187,2188,2189,2190,2180,2180,2180,2181,2182,2183,2180,2180,2181,2182,2180,2181,2182,2183,2184,2185,2186,2187,2188,2189,2190,2190,2181,2182,2183,2184,2185,2186,2187,2188,2189,2190,2182,2183,2184,2185,2186,2187,2188,2189,2190,2182,2183,2184,2185,2186,2187,2188,2180,2181,2182,2183,2184,2185,2186,2187,2188,2189,2190,2185,2186,2187,2188,2189,2180,2181,2182,2183,2184,2185,2186,2187,2188,2189,2190,2185,2186,2187,2188,2189,2190,2190,2190,2190,2190,2190,2190,2190,2190,2190,2190,2190,2190,2190,2189,2190,2188,
0,0,0,0,0,0,2180,2181,2182,2183,2184,2185,2186,2187,2188,2189,2190,2182,2183,2184,2185,2186,2187,2188,2189,2190,2185,2186,2187,2188,2189,2190,2186,2187,2188,2189,2190,2190,2190,2186,2187,2188,2189,2190,2188,2189,2190,2190,2185,2186,2187,2188,2189,2190,2185,2186,2187,2188,2189,2190,2187,2188,2189,2190,2190,2185,2186,2187,2188,2189,2190,2189,2190,2190,2186,2187,2188,2189,2190,2189,2190,2190,2190,2187,2188,2189,2190,2190,2180,2180,2181,2182,2180,2180,2181,2182,2183,2184,2185,2186,2187,2188,2189,2190,2184,2185,2180,2180,2180,2180,2181,2182,2183,2180,2181,2182,2183,2184,2185,2186,2187,2188,2189,2190,2180,2181,2182,2183,2184,2185,2186,2187,2188,2189,2190,2182,2183,2184,2185,2186,2187,2188,2189,2190,2180,2181,2182,2183,2184,2185,2180,2180,2181,2182,2183,2184,2185,2186,2187,2188,2189,2190,2180,2181,2182,2183,2180,2181,2182,2183,2184,2185,2186,2187,2188,2189,2190,2182,2180,2181,2182,2180,2180,2180,2180,2180,2180,2180,2181,2182,2183,2184,2185,2186,2187,2188,2189,2190,2187,2188,
0,0,0,0,0,0,2180,2181,2182,2183,2184,2185,2186,2187,2188,2189,2190,2182,2183,2184,2185,2186,2187,2188,2189,2190,2185,2186,2187,2188,2189,2190,2190,2187,2188,2189,2190,2189,2190,2190,2187,2188,2189,2190,2187,2188,2189,2190,2190,2186,2187,2188,2189,2190,2185,2186,2187,2188,2189,2190,2186,2187,2188,2189,2190,2190,2186,2187,2188,2189,2190,2188,2189,2190,2190,2187,2188,2189,2190,2187,2188,2189,2190,2190,2188,2189,2190,2183,2184,2185,2186,2187,2188,2180,2181,2182,2183,2184,2185,2186,2187,2188,2189,2190,2183,2184,2185,2186,2180,2181,2182,2183,2184,2180,2180,2181,2182,2183,2184,2185,2186,2187,2188,2189,2190,2181,2182,2183,2184,2185,2186,2187,2188,2189,2190,2181,2182,2183,2184,2185,2186,2187,2188,2189,2190,2190,2190,2190,2190,2180,2180,2181,2180,2181,2182,2183,2184,2185,2186,2187,2188,2189,2190,2180,2180,2181,2180,2181,2182,2183,2184,2185,2186,2187,2188,2189,2190,2182,2183,2184,2185,2186,2187,2180,2180,2180,2180,2181,2182,2183,2184,2185,2186,2187,2188,2189,2190,2186,2187,2188,
0,0,0,0,0,0,2180,2181,2182,2183,2184,2185,2186,2187,2188,2189,2190,2182,2183,2184,2185,2186,2187,2188,2189,2190,2184,2185,2186,2187,2188,2189,2190,2188,2189,2190,2187,2188,2189,2190,2190,2188,2189,2190,2186,2187,2188,2189,2190,2190,2187,2188,2189,2190,2185,2186,2187,2188,2189,2190,2185,2186,2187,2188,2189,2190,2190,2187,2188,2189,2190,2187,2188,2189,2190,2190,2188,2189,2190,2186,2187,2188,2189,2190,2188,2189,2190,2181,2182,2183,2184,2185,2186,2180,2181,2180,2181,2182,2183,2184,2185,2186,2187,2188,2189,2190,2185,2180,2181,2182,2183,2184,2185,2186,2180,2181,2182,2180,2180,2181,2182,2183,2184,2185,2186,2187,2188,2189,2190,2185,2186,2187,2188,2189,2190,2181,2182,2183,2184,2185,2186,2187,2188,2189,2190,2190,2186,2180,2180,2180,2181,2182,2180,2181,2182,2183,2184,2185,2186,2187,2188,2189,2190,2188,2180,2180,2181,2182,2183,2184,2185,2186,2187,2188,2189,2190,2190,2182,2183,2184,2185,2186,2180,2180,2181,2182,2183,2184,2185,2186,2187,2188,2189,2190,2190,2184,2185,2186,2187,2188,
0,0,0,0,0,0,2180,2181,2182,2183,2184,2185,2186,2187,2188,2189,2190,2181,2182,2183,2184,2185,2186,2187,2188,2189,2190,2185,2186,2187,2188,2189,2190,2190,2189,2190,2186,2187,2188,2189,2190,2190,2189,2190,2185,2186,2187,2188,2189,2190,2186,2187,2188,2189,2190,2186,2187,2188,2189,2190,2184,2185,2186,2187,2188,2189,2190,2187,2188,2189,2190,2186,2187,2188,2189,2190,2190,2189,2190,2185,2186,2187,2188,2189,2190,2189,2190,2180,2181,2182,2183,2184,2185,2180,2180,2180,2180,2180,2181,2182,2183,2184,2185,2186,2187,2188,2189,2190,2181,2182,2183,2184,2185,2186,2180,2180,2180,2181,2182,2183,2184,2185,2186,2187,2188,2189,2190,2190,2190,2185,2186,2187,2188,2189,2190,2180,2181,2182,2183,2184,2185,2186,2187,2188,2189,2180,2180,2180,2181,2182,2183,2184,2180,2181,2182,2183,2184,2185,2186,2187,2188,2189,2190,2187,2180,2181,2182,2183,2184,2185,2186,2187,2188,2189,2190,2190,2181,2182,2183,2184,2185,2180,2180,2181,2182,2183,2184,2185,2186,2187,2188,2189,2190,2189,2190,2184,2185,2186,2187,2188,
0,0,0,0,0,0,2180,2181,2182,2183,2184,2185,2186,2187,2188,2189,2190,2181,2182,2183,2184,2185,2186,2187,2188,2189,2190,2184,2185,2186,2187,2188,2189,2190,2190,2190,2185,2186,2187,2188,2189,2190,2190,2190,2184,2185,2186,2187,2188,2189,2190,2187,2188,2189,2190,2186,2187,2188,2189,2190,2183,2184,2185,2186,2187,2188,2189,2190,2190,2189,2190,2185,2186,2187,2188,2189,2190,2190,2190,2185,2186,2187,2188,2189,2190,2190,2190,0,2180,2181,2182,2183,2184,2180,2180,2181,2182,2180,2180,2181,2182,2183,2184,2185,2186,2187,2188,2189,2190,2182,2183,2184,2180,2181,2182,2183,2184,2185,2186,2187,2188,2189,2190,2190,2190,2190,2188,2189,2190,2185,2186,2187,2188,2189,2190,2180,2180,2180,2181,2182,2183,2184,2185,2180,2180,2180,2181,2182,2183,2184,2185,2186,2180,2180,2181,2182,2183,2184,2185,2186,2187,2188,2189,2190,2180,2181,2182,2183,2184,2185,2186,2187,2188,2189,2190,2190,2190,2190,2190,2190,2180,2180,2180,2181,2182,2183,2184,2185,2186,2187,2188,2189,2190,2189,2190,2184,2185,2186,2187,2188,
0,0,0,0,0,0,2180,2181,2182,2183,2184,2185,2186,2187,2188,2189,2190,2181,2182,2183,2184,2185,2186,2187,2188,2189,2190,0,0,0,0,0,2180,2181,2182,2183,2184,2185,2186,2187,2188,2189,2190,2190,2183,2184,2185,2186,2187,2188,2189,2190,2190,2190,2190,2186,2187,2188,2189,2190,2182,2183,2184,2185,2186,2187,2188,2189,2190,2190,2190,2184,2185,2186,2187,2188,2189,2190,2190,2184,2185,2186,2187,2188,2189,2190,2190,0,0,0,0,2180,2181,2182,2183,2184,2185,2186,2180,2180,2180,2181,2182,2183,2184,2185,2186,2187,2188,2189,2190,2185,2186,2187,2188,2189,2190,2190,2190,2190,2190,2190,2185,2186,2187,2188,2189,2190,2190,2190,2190,2190,2190,2190,2190,2186,2187,2180,2180,2180,2180,2180,2180,2181,2182,2183,2184,2185,2186,2187,2188,2189,2190,2180,2181,2182,2183,2184,2185,2186,2187,2188,2189,2190,2190,2190,2190,2185,2186,2187,2188,2189,2190,2190,2190,2190,2186,2187,2188,2189,2190,2190,2180,2181,2182,2183,2184,2185,2186,2187,2188,2189,2190,2190,2185,2186,2187,2188,2189,2190

[layer]
type=Tile Layer 1
data=
0,0,0,0,0,0,0,0,0,0,0,0,0,0,0,0,0,0,0,0,0,0,0,0,0,0,0,0,0,0,0,0,0,0,0,0,0,0,0,0,0,0,0,0,0,0,0,0,0,0,0,0,0,0,0,0,0,0,0,0,0,0,0,0,0,0,0,0,0,0,0,0,0,0,0,0,0,0,0,0,0,0,0,0,0,0,0,0,0,0,0,0,0,0,0,0,0,0,0,0,0,0,0,0,0,0,0,0,0,0,0,0,0,0,0,0,0,0,0,0,0,0,0,0,0,0,0,0,0,0,0,0,0,0,0,0,0,0,0,0,0,0,0,0,0,0,0,0,0,0,0,0,0,0,0,193,0,193,0,0,193,0,0,193,0,193,0,0,0,0,0,0,0,0,0,0,0,0,0,0,0,0,0,0,0,0,0,0,0,0,0,0,0,0,0,0,0,225,0,0,
0,0,0,0,0,0,0,0,0,0,0,0,0,0,0,0,0,0,0,0,0,0,0,0,0,0,0,0,0,0,0,0,0,0,0,0,0,0,0,0,0,0,0,0,0,0,0,0,0,0,0,0,0,0,0,0,0,0,0,0,0,0,0,0,0,0,0,0,0,0,0,0,0,0,0,0,0,0,0,0,0,0,0,0,0,0,0,0,0,0,0,0,0,0,0,0,0,0,0,0,0,0,0,0,0,0,0,0,0,0,0,0,0,0,0,0,0,0,0,0,0,0,0,0,0,0,0,0,0,0,0,0,0,0,0,0,0,0,0,0,0,0,0,0,0,0,0,0,0,0,0,0,0,0,0,193,0,193,0,0,193,0,0,193,0,193,0,0,0,0,0,0,0,0,0,0,0,0,0,0,0,0,0,0,0,0,0,0,0,0,0,0,0,0,0,0,0,225,0,0,
0,0,0,0,0,0,0,0,0,0,0,0,0,0,0,0,0,0,0,0,0,0,0,0,0,0,0,0,0,0,0,0,0,0,0,0,0,0,0,0,0,0,0,0,0,0,0,0,0,0,0,0,0,0,0,0,0,0,0,0,0,0,0,0,0,0,0,0,0,0,0,0,0,0,0,0,0,0,0,0,0,0,0,0,0,0,0,0,0,0,0,0,0,0,0,0,0,0,0,0,0,0,0,0,0,0,0,0,0,0,0,0,0,0,0,0,0,0,0,0,0,0,0,0,0,0,0,0,0,0,0,0,0,0,0,0,0,0,0,0,0,0,0,0,0,0,0,0,0,0,0,0,0,0,0,193,0,193,0,0,193,0,0,193,0,193,0,0,0,0,0,0,0,0,0,0,0,0,0,0,0,0,0,0,0,0,0,0,0,0,0,0,0,0,0,0,0,225,0,0,
0,0,0,0,0,0,0,0,0,0,0,0,0,0,0,0,0,0,0,0,0,0,0,0,0,0,0,0,0,0,0,0,0,0,0,0,0,0,0,0,0,0,0,0,0,0,0,0,0,0,0,0,0,0,0,0,0,0,0,0,0,0,0,0,0,0,0,0,0,0,0,0,0,0,0,0,0,0,0,0,0,0,0,0,0,0,0,0,0,0,0,0,0,0,0,0,0,0,0,0,0,0,0,0,0,0,0,0,0,0,0,0,0,0,0,0,0,0,0,0,0,0,0,0,0,0,0,0,0,0,0,0,0,0,0,0,0,0,0,0,0,0,0,0,0,0,0,0,0,0,0,0,0,0,0,193,0,193,0,0,193,0,0,193,0,193,0,0,0,0,0,0,0,0,0,0,0,0,0,0,0,0,0,0,0,0,0,0,0,0,0,0,0,0,0,0,0,225,0,0,
0,0,0,0,0,0,0,0,0,0,0,0,0,0,0,0,0,0,0,0,0,0,0,0,0,0,0,0,0,0,0,0,0,0,0,0,0,0,0,0,0,0,0,0,0,0,0,0,0,0,0,0,0,0,0,0,0,0,0,0,0,0,0,0,0,0,0,0,0,0,0,0,0,0,0,0,0,0,0,0,0,0,0,0,0,0,0,0,0,0,0,0,0,0,0,0,0,0,0,0,0,0,0,0,0,0,0,0,0,0,0,0,0,0,0,0,0,0,0,0,0,0,0,0,0,0,0,0,0,0,0,0,0,0,0,0,0,0,0,0,0,0,0,0,0,0,0,0,0,0,0,0,0,0,0,193,0,193,0,0,193,0,0,193,0,193,0,0,0,0,0,0,0,0,0,0,0,0,0,0,0,0,0,0,0,0,0,0,0,0,0,0,0,0,0,0,0,225,0,0,
0,0,0,0,0,0,0,0,0,0,0,0,0,0,0,0,0,0,0,0,0,0,0,0,0,0,0,0,0,0,0,0,0,0,0,0,0,0,0,0,0,0,0,0,0,0,0,0,0,0,0,0,0,0,0,0,0,0,0,0,0,0,0,0,0,0,0,0,0,0,0,0,0,0,0,0,0,0,0,0,0,0,0,0,0,0,0,0,0,0,0,0,0,0,0,0,0,0,0,0,0,0,0,0,0,0,0,0,0,0,0,0,0,0,0,0,0,0,0,0,0,0,0,0,0,0,0,0,0,0,0,0,0,0,0,0,0,0,0,0,0,0,0,0,0,0,0,0,0,0,0,0,0,0,0,193,0,193,0,0,193,0,0,193,0,193,0,0,0,0,0,0,0,0,0,0,0,0,0,0,0,0,0,0,0,0,0,0,0,0,0,0,0,0,0,0,0,225,0,0,
0,0,0,0,0,0,0,0,0,0,0,0,0,0,0,0,0,0,0,0,0,0,0,0,0,0,0,0,0,0,0,0,0,0,0,0,0,0,0,0,0,0,0,0,0,0,0,0,0,0,0,0,0,0,0,0,0,0,0,0,0,0,0,0,0,0,0,0,0,0,0,0,0,0,0,0,0,0,0,0,0,0,0,0,0,0,0,0,0,0,0,0,0,0,0,0,0,0,0,0,0,0,0,0,0,0,0,0,0,0,0,0,0,0,0,0,0,0,0,0,0,0,0,0,0,0,0,0,0,0,0,0,0,0,0,0,0,0,0,0,0,0,0,0,0,0,0,0,0,0,0,0,0,0,0,193,0,193,0,0,193,0,0,193,0,193,0,0,0,0,0,0,0,0,0,0,0,0,0,0,0,0,0,0,0,0,0,0,0,0,0,0,0,0,0,0,0,225,0,0,
0,0,0,0,0,0,0,0,0,0,0,0,0,0,0,0,0,0,0,0,0,0,0,0,0,0,0,0,0,0,0,0,0,0,0,0,0,0,0,0,0,0,0,0,0,0,0,0,0,0,0,0,0,0,0,0,0,0,0,0,0,0,0,0,0,0,0,0,0,0,0,0,0,0,0,0,0,0,0,0,0,0,0,0,0,0,0,0,0,0,0,0,0,0,0,0,0,0,0,0,0,0,0,0,0,0,0,0,0,0,0,0,0,0,0,0,0,0,0,0,0,0,0,0,0,0,0,0,0,0,0,0,0,0,0,0,0,0,0,0,0,0,0,0,0,0,0,0,0,0,0,0,0,0,0,193,0,193,0,0,193,0,0,193,0,193,0,0,0,0,0,0,0,0,0,0,0,0,0,0,0,0,0,0,0,0,0,0,0,0,0,0,0,0,0,0,0,225,0,0,
0,0,0,0,0,0,0,0,0,0,0,0,0,0,0,0,0,0,0,0,0,0,0,0,0,0,0,0,0,0,0,0,0,0,0,0,0,0,0,0,0,0,0,0,0,0,0,0,0,0,0,0,0,0,0,0,0,0,0,0,0,0,0,0,0,0,0,0,0,0,0,0,0,0,0,0,0,0,0,0,0,0,0,0,0,0,0,0,0,0,0,0,0,0,0,0,0,0,0,0,0,0,0,0,0,0,0,0,0,0,0,0,0,0,0,0,0,0,0,0,0,0,0,0,0,0,0,0,0,0,0,0,0,0,0,0,0,0,0,0,0,0,0,0,0,0,0,0,0,0,0,0,0,0,0,193,0,193,0,0,193,0,0,193,0,193,0,0,0,0,0,0,0,0,0,0,0,0,0,0,0,0,0,0,0,0,0,0,0,0,0,0,0,0,0,0,0,225,0,0,
0,0,0,0,0,0,0,0,0,0,0,0,0,0,0,0,0,0,0,0,0,0,0,0,0,0,0,0,0,0,0,0,0,0,0,0,0,0,0,0,0,0,0,0,0,0,0,0,193,193,193,0,0,0,0,0,0,0,0,0,0,0,0,0,0,0,0,0,0,0,0,0,0,0,0,0,0,0,0,0,0,0,0,0,0,0,0,0,0,0,0,0,0,0,0,0,0,0,0,0,0,0,0,0,0,0,0,0,0,0,0,0,0,0,0,0,0,0,0,0,0,0,0,0,0,0,0,0,0,0,0,0,0,0,0,0,0,0,0,0,0,0,0,0,0,0,0,0,0,0,0,0,0,0,0,193,0,193,0,0,193,0,0,193,0,193,0,0,0,0,0,0,0,0,0,0,0,0,0,0,0,0,0,0,0,0,0,0,0,0,0,0,0,0,0,0,0,225,0,0,
0,0,0,0,0,0,0,0,0,0,0,0,0,0,0,0,0,0,0,0,0,0,0,0,0,0,0,0,0,0,0,0,0,0,0,0,0,0,0,0,0,0,0,0,0,0,0,0,0,0,0,0,0,0,0,0,1359,0,0,0,0,0,0,0,0,0,0,0,0,0,0,0,0,0,0,0,0,0,0,0,0,0,0,0,0,0,0,0,0,0,0,0,0,0,0,0,0,0,0,0,0,0,0,0,0,0,0,0,0,0,0,0,0,0,0,0,0,0,0,0,0,0,0,0,0,0,0,0,0,0,0,0,0,0,0,0,0,0,0,0,0,0,0,0,0,0,0,0,0,0,0,0,0,0,0,193,0,193,0,0,193,0,0,193,0,193,0,0,0,0,0,0,0,0,0,0,0,0,0,0,0,0,0,0,0,0,0,0,0,0,0,0,0,0,0,0,0,225,0,0,
0,0,0,0,0,0,0,0,0,0,0,0,0,0,0,0,0,0,0,0,0,0,0,0,0,0,0,0,0,0,0,0,0,0,0,0,0,0,0,0,0,0,0,0,0,193,193,193,0,0,0,0,0,123,123,123,123,123,123,0,0,0,0,0,0,0,0,0,0,0,0,0,0,0,0,0,0,0,0,0,0,0,0,0,0,0,0,0,0,0,0,0,0,0,0,0,0,0,0,0,0,0,0,0,0,0,0,0,0,0,0,0,0,0,0,0,0,0,0,0,0,0,0,0,0,0,0,0,0,0,0,0,0,0,0,0,0,0,0,0,0,0,0,0,0,0,0,0,0,0,0,0,0,0,0,193,0,193,0,0,193,0,0,193,0,193,0,0,0,0,0,0,0,0,0,0,0,0,0,0,0,0,0,0,0,0,0,0,0,0,0,0,0,0,0,0,0,225,0,0,
0,0,0,0,0,0,0,0,0,0,0,0,0,0,0,0,0,0,0,0,0,0,0,0,0,0,0,0,0,0,0,0,0,0,0,0,0,0,0,0,0,0,0,0,0,0,0,0,0,0,0,0,0,153,153,153,153,153,153,0,0,0,0,0,0,0,0,0,0,0,0,0,0,0,0,0,0,0,0,0,0,0,0,0,0,0,0,0,0,0,0,0,0,0,0,0,0,0,0,0,0,0,0,0,0,0,0,0,0,0,0,0,0,0,0,0,0,0,0,0,0,0,0,0,0,0,0,0,0,0,0,0,0,0,0,0,0,0,0,0,0,0,0,0,0,0,0,0,0,0,0,0,0,0,0,193,0,193,0,0,193,0,0,193,0,193,0,0,0,0,0,0,0,0,0,0,0,0,0,0,0,0,0,0,0,0,0,0,0,0,0,0,0,0,0,0,0,225,0,0,
0,0,0,0,0,0,0,0,0,0,0,0,0,0,0,0,0,0,0,0,0,193,193,193,0,0,0,0,0,0,0,0,0,0,0,0,0,0,0,0,0,0,193,193,193,0,0,0,0,0,0,0,0,153,153,153,153,153,153,0,0,0,0,0,0,0,0,0,0,0,0,0,0,0,0,0,0,0,0,0,0,0,0,0,0,0,0,0,0,0,0,0,0,0,0,0,0,0,0,0,0,0,0,0,0,0,0,0,0,0,0,0,0,0,0,0,0,0,0,0,0,0,0,0,0,0,0,0,0,0,0,0,0,0,0,0,0,0,0,0,0,0,0,0,0,0,0,0,0,0,0,0,0,0,0,193,0,193,0,0,193,0,0,193,0,193,0,0,0,0,0,0,0,0,0,0,0,0,0,0,0,0,0,0,0,0,0,0,0,0,0,0,0,0,0,0,0,225,0,0,
0,0,0,0,0,0,0,0,0,0,0,0,0,0,0,0,0,0,0,0,0,0,0,0,0,0,0,0,0,0,0,0,0,0,0,0,0,0,0,0,0,0,0,0,0,0,0,0,0,0,0,0,0,153,153,153,153,153,153,0,0,0,0,0,0,0,0,0,0,0,0,0,0,0,0,0,0,0,0,0,0,0,0,0,0,0,0,0,0,0,0,0,0,0,0,0,0,0,0,0,0,0,0,0,0,0,0,0,0,0,0,0,0,0,0,0,0,0,0,0,0,0,0,0,0,0,0,0,0,0,0,0,0,0,0,0,0,0,0,0,0,0,0,0,0,0,0,0,0,0,0,0,0,0,0,193,0,193,0,0,193,0,0,193,0,193,0,0,0,0,0,0,0,0,0,0,0,0,0,0,0,0,0,0,0,0,0,0,0,0,0,0,0,0,0,0,0,225,0,0,
0,0,0,0,0,0,0,0,0,0,0,0,0,0,0,0,0,0,0,0,0,0,0,0,0,0,0,0,0,0,0,0,1357,0,0,0,0,0,0,193,193,193,0,0,0,0,0,0,0,1027,1028,0,0,153,153,153,153,153,153,0,0,0,0,0,0,0,0,0,0,0,0,0,0,0,0,0,0,0,0,0,0,0,0,0,0,0,0,0,0,0,0,0,0,0,0,0,0,0,0,0,0,0,0,0,0,0,0,0,0,0,0,0,0,0,0,0,0,0,0,0,0,0,0,0,0,0,0,0,0,0,0,0,0,0,0,0,0,0,0,0,0,0,0,0,0,0,0,0,0,0,0,0,0,0,0,193,0,193,0,0,193,0,0,193,0,0,0,0,0,0,0,0,0,0,0,0,0,0,0,193,193,193,193,193,193,193,193,193,193,0,0,0,0,0,0,0,0,225,0,0,
0,0,0,0,0,0,0,0,0,0,0,0,0,0,0,0,0,193,193,193,193,193,0,0,0,0,0,124,124,124,124,124,124,124,124,124,0,0,0,0,0,0,0,193,193,193,0,0,0,153,153,0,0,0,0,0,0,0,0,0,0,0,0,0,0,0,0,0,0,0,0,0,0,0,0,0,0,0,0,0,0,0,0,0,0,0,0,0,0,0,0,0,0,0,0,0,0,0,0,0,0,0,0,0,0,0,0,0,0,0,0,0,0,0,0,0,0,0,0,0,0,0,0,0,0,0,0,0,0,0,0,0,0,0,0,0,0,0,0,0,0,0,0,0,0,0,0,0,0,0,0,0,0,0,0,193,0,193,0,0,193,0,0,193,0,0,0,0,0,0,0,0,0,0,0,0,0,193,0,1329,0,0,0,0,0,0,0,0,1329,0,0,0,0,0,0,0,0,225,0,0,
0,0,0,0,0,0,0,0,0,0,0,0,0,0,0,0,0,0,0,0,0,0,0,0,0,0,0,153,153,153,153,153,153,153,153,153,0,0,0,0,0,0,0,0,0,0,0,0,0,153,153,0,0,0,0,0,0,0,0,0,0,0,0,0,0,0,0,0,0,0,0,0,0,0,0,0,0,0,0,0,0,0,0,0,0,0,0,0,0,0,0,0,0,0,0,0,0,0,0,0,0,0,0,0,0,0,0,0,0,0,0,0,0,0,0,0,0,0,0,0,0,0,0,0,0,0,0,0,0,0,0,0,0,0,0,0,0,0,0,0,0,0,0,0,0,0,0,193,193,193,193,0,0,0,0,0,0,193,0,0,193,0,0,0,0,1329,0,0,0,0,0,0,0,0,0,0,0,193,0,1331,0,0,0,0,0,0,0,0,1331,0,0,0,0,0,0,0,0,225,0,0,
0,0,0,0,0,0,0,0,0,0,0,0,0,0,0,0,0,0,0,0,0,0,0,0,0,0,0,153,153,153,153,153,153,153,153,153,0,0,0,0,193,193,193,0,0,0,0,0,0,153,153,0,0,0,0,0,0,0,0,0,0,0,0,0,0,0,0,0,0,0,0,0,0,0,0,0,0,0,0,0,0,0,0,0,0,0,0,0,0,0,0,0,0,0,0,0,0,0,0,0,0,0,0,0,0,0,0,0,0,0,0,0,0,0,0,0,0,0,0,0,0,0,0,0,0,0,0,0,0,0,0,0,0,0,0,0,0,0,0,0,0,0,0,0,0,0,0,0,0,0,0,0,0,0,0,0,0,0,0,0,0,0,0,0,0,1331,0,0,0,0,0,0,0,0,0,0,193,0,0,1333,0,0,0,0,0,0,0,0,1333,0,0,0,0,0,0,0,0,225,0,0,
0,0,0,0,0,0,0,0,0,0,0,0,0,0,193,193,193,0,0,0,0,0,0,0,0,0,0,153,153,153,153,153,153,153,153,153,0,0,0,0,0,0,0,0,0,0,0,0,0,153,153,0,0,0,0,0,0,0,0,0,0,1359,0,0,0,1359,0,0,0,0,0,0,0,0,0,0,0,0,0,0,0,0,0,0,0,0,0,0,0,0,0,0,0,0,0,0,0,0,0,0,0,0,0,0,0,0,0,0,0,0,0,0,0,0,0,0,0,0,0,0,0,0,0,0,0,0,0,0,0,0,0,0,0,0,0,0,0,0,0,0,1357,0,0,0,0,0,0,193,193,193,193,193,0,0,0,1329,0,0,0,0,0,0,0,1329,0,1330,0,0,0,0,0,0,0,0,0,0,193,0,0,1330,0,0,0,0,0,0,0,0,1330,0,0,0,0,0,0,0,0,225,0,1723,
0,0,0,0,0,0,0,0,0,0,0,0,0,0,0,0,0,0,0,0,0,0,0,0,0,0,0,153,153,153,153,153,153,153,153,153,0,193,193,193,0,0,0,0,0,0,0,0,0,153,153,0,0,0,0,0,0,0,0,0,123,123,123,123,123,123,123,123,0,0,0,0,0,0,0,0,0,0,0,0,0,0,0,0,0,0,0,0,0,0,0,0,0,0,0,193,193,193,193,193,0,0,0,0,0,0,0,0,0,0,0,0,0,0,0,0,0,0,0,0,0,0,0,0,0,0,0,0,0,0,0,0,0,0,0,0,0,0,0,123,123,123,123,123,0,0,0,0,0,0,0,0,0,0,0,1331,0,1329,0,0,1329,0,0,1331,0,1330,0,0,0,0,0,0,0,0,0,193,0,0,0,1330,0,0,0,0,0,0,0,0,1330,0,0,0,0,0,0,0,0,225,0,1753,
0,0,0,0,0,0,0,0,0,0,0,0,0,0,0,0,0,0,0,0,0,0,0,0,0,0,0,153,153,153,153,153,153,153,153,153,0,0,0,0,0,0,0,0,0,0,0,0,0,153,153,0,0,0,0,0,0,0,0,0,153,153,153,153,153,153,153,153,0,0,0,0,0,0,0,0,0,0,0,0,0,0,0,0,0,0,0,0,0,0,0,0,0,0,0,0,0,0,0,0,0,0,0,0,0,0,193,193,193,193,193,193,0,0,0,193,193,193,193,193,0,0,0,0,0,0,0,0,0,0,0,0,0,0,0,0,0,0,0,153,153,153,153,153,0,0,0,0,0,0,0,0,0,0,0,1332,0,1331,0,0,1331,0,0,1330,0,1330,0,0,0,0,1359,0,0,0,1359,193,0,0,0,1330,0,0,0,0,0,0,0,0,1330,0,0,0,0,0,0,0,0,225,0,1753,
0,0,0,0,0,0,0,0,0,0,0,0,123,123,123,123,123,0,0,0,0,0,0,0,0,0,0,153,153,153,153,153,153,153,153,153,0,0,0,0,193,193,193,0,0,0,0,0,0,153,153,0,0,0,0,0,0,0,0,0,153,153,153,153,153,153,153,153,0,0,0,0,0,0,0,0,0,0,0,0,0,0,0,0,0,0,0,0,0,0,0,0,0,0,0,0,0,0,0,0,0,0,0,0,0,0,0,0,0,0,0,0,0,0,0,0,0,0,0,0,0,0,0,0,0,0,0,0,125,125,0,0,0,1329,0,0,1329,0,0,153,153,153,153,153,0,0,0,0,0,0,0,0,0,0,0,1330,0,1330,0,0,1332,0,0,1330,0,1332,0,0,0,123,123,123,123,123,123,123,0,0,0,1330,0,0,0,0,0,0,0,0,1330,0,0,0,0,0,0,0,0,225,1357,1753,
1359,0,0,0,0,0,0,0,0,0,0,0,153,153,153,153,153,0,0,0,0,0,0,0,0,0,0,153,153,153,153,153,153,153,153,153,0,0,0,0,0,0,0,0,0,0,0,0,0,153,153,0,0,0,0,0,0,0,0,0,153,153,153,153,153,153,153,153,0,0,0,0,0,0,0,0,0,0,0,0,0,0,0,0,0,1359,0,0,0,1359,0,0,0,0,1357,0,0,0,0,0,193,193,193,193,0,0,0,0,0,0,0,0,0,0,0,0,0,0,0,0,0,0,0,0,193,0,0,0,155,155,0,0,0,1330,0,0,1330,0,0,153,153,153,153,153,0,0,0,0,0,0,0,0,0,0,0,1330,0,1332,0,0,1330,0,0,1332,0,1330,0,0,0,153,153,153,153,153,153,153,0,0,0,1330,0,0,0,0,0,0,0,0,1330,0,0,0,124,124,124,124,124,124,124,124,
123,123,123,123,123,123,123,123,123,1028,0,0,153,153,153,153,153,0,0,0,0,0,0,0,0,0,0,153,153,153,153,153,153,153,153,153,0,0,0,0,0,0,0,193,193,193,0,0,0,153,153,0,0,0,0,0,0,0,0,0,153,153,153,153,153,153,153,153,0,0,0,193,193,193,193,0,0,0,0,0,0,0,0,123,123,123,123,123,123,123,123,123,123,123,123,123,0,0,0,0,0,0,0,0,0,0,0,0,0,0,0,0,0,0,0,0,0,0,0,0,0,0,0,0,193,0,0,0,155,155,0,0,0,1330,0,0,1330,0,0,153,153,153,153,153,0,0,0,0,0,0,0,0,0,0,0,1330,0,1330,0,0,1330,0,0,1330,0,1330,0,0,0,153,153,153,153,153,153,153,0,0,0,1330,0,0,0,0,0,0,0,0,1330,0,0,0,153,153,153,153,153,153,153,153,
155,155,155,155,155,155,155,155,155,158,0,0,153,153,153,153,153,0,0,0,0,0,0,0,0,0,0,153,153,153,153,153,153,153,153,153,0,0,0,0,0,0,0,0,0,0,0,0,0,153,153,0,0,0,0,0,0,0,0,0,153,153,153,153,153,153,153,153,0,0,0,0,0,0,0,0,0,0,0,0,0,0,0,153,153,153,153,153,153,153,153,153,153,153,153,153,0,0,0,0,0,0,0,0,0,0,0,0,0,0,0,0,0,0,0,0,0,0,0,0,0,0,193,0,193,0,0,0,155,155,0,0,0,1330,0,0,1330,0,0,153,153,153,153,153,0,0,0,0,0,0,0,0,0,0,0,1332,0,1330,0,0,1332,0,0,1330,0,1332,0,0,0,153,153,153,153,153,153,153,0,0,0,1330,0,0,0,0,0,0,0,0,1330,0,0,0,153,153,153,153,153,153,153,153,
155,155,155,155,155,155,155,155,155,153,0,0,153,153,153,153,153,0,0,0,0,0,0,0,0,0,0,0,0,0,0,0,0,0,0,0,0,0,0,0,193,193,193,0,0,0,0,0,0,153,153,0,0,0,0,0,0,0,0,0,153,153,153,153,153,153,153,153,0,0,0,0,0,0,0,0,193,193,193,193,0,0,0,153,153,153,153,153,153,153,153,153,153,153,153,153,0,0,0,0,0,0,0,0,0,0,0,0,0,0,0,0,0,0,0,124,0,0,0,0,0,0,193,0,193,0,0,0,155,155,0,0,0,1330,0,0,1330,0,0,153,153,153,153,153,0,0,0,0,0,0,0,0,0,0,0,1330,0,1330,0,0,1330,0,0,1332,0,1330,0,0,0,153,153,153,153,153,153,153,0,0,0,1330,0,0,0,0,0,0,0,0,1330,0,0,0,153,153,153,153,153,153,153,153,
155,155,155,155,155,153,155,155,155,153,0,0,153,153,153,153,153,0,0,0,0,0,0,0,0,0,0,0,0,0,0,0,0,0,0,0,0,0,0,0,0,0,0,0,0,0,0,0,0,153,153,0,0,0,0,0,0,0,0,0,153,153,153,153,153,153,153,153,0,0,0,0,0,0,0,0,0,0,0,0,0,0,0,153,153,153,153,153,153,153,153,153,153,153,153,153,0,0,0,0,0,0,0,0,0,0,0,0,0,0,0,0,0,0,0,155,0,0,0,0,193,0,193,0,193,0,0,0,155,155,0,0,0,1330,0,0,1330,0,0,153,153,153,153,153,0,0,0,0,0,0,0,0,0,0,0,1330,0,1330,0,0,1330,0,0,1330,0,1330,0,0,0,153,153,153,153,153,153,153,0,0,0,1330,0,0,0,0,0,0,0,0,1330,0,0,0,153,153,153,153,153,153,153,153,
153,153,153,153,153,153,153,153,153,153,0,0,153,153,153,153,153,0,0,0,0,0,0,0,0,0,0,0,0,0,0,0,0,0,0,0,0,193,193,193,0,0,0,0,0,0,0,0,0,153,153,0,0,0,0,0,0,0,0,0,0,0,0,0,0,0,0,0,0,0,0,0,193,193,193,193,0,0,0,0,0,0,0,153,153,153,153,153,153,153,153,153,153,153,153,153,0,0,0,0,0,0,0,0,0,0,0,0,0,0,0,0,0,0,0,155,0,0,0,0,193,0,193,0,193,0,0,0,155,155,0,0,0,1330,0,0,1330,0,0,153,153,153,153,153,0,0,0,0,0,0,0,0,0,0,0,1330,0,1332,0,0,1330,0,0,1330,0,1332,0,0,0,153,153,153,153,153,153,153,0,0,0,1330,0,0,0,0,0,0,0,0,1330,0,0,0,153,153,153,153,153,153,153,153,
153,153,153,153,153,153,153,153,153,153,0,0,153,153,153,153,153,0,0,0,0,0,0,0,0,0,0,0,0,0,0,0,0,0,0,0,0,0,0,0,0,0,0,0,0,0,0,0,0,153,153,0,0,0,0,0,0,0,0,0,0,0,0,0,0,0,0,0,0,0,0,0,0,0,0,0,0,0,0,0,0,0,0,153,153,153,153,153,153,153,153,153,153,153,153,153,0,0,0,0,0,0,0,0,0,0,0,0,0,0,0,0,0,0,0,155,0,0,193,0,193,0,193,0,193,0,0,0,155,155,0,0,0,1330,0,0,1330,0,0,153,153,153,153,153,0,0,0,0,0,0,0,0,0,0,0,1330,0,1330,0,0,1332,0,0,1330,0,1330,0,0,0,153,153,153,153,153,153,153,0,0,0,1330,0,0,0,0,0,0,0,0,1330,0,0,0,153,153,153,153,153,153,153,153,
153,153,153,153,153,153,153,153,153,153,0,0,153,153,153,153,153,0,0,0,0,0,0,0,0,0,0,0,0,0,0,0,0,0,0,0,0,0,0,0,0,0,0,0,0,0,0,0,0,153,153,0,0,0,0,0,0,0,1357,0,0,0,0,0,0,0,1359,0,0,0,0,0,0,0,0,0,0,0,0,0,0,0,0,153,153,153,153,153,153,153,153,153,153,153,153,153,0,0,0,0,0,0,0,0,0,0,0,0,0,0,0,0,0,0,0,155,0,0,193,0,193,0,193,0,193,0,0,0,155,155,0,0,0,1330,0,0,1330,0,0,153,153,153,153,153,0,0,0,0,0,0,0,0,0,0,0,1330,0,1330,0,0,1330,0,0,1332,0,1330,0,0,0,153,153,153,153,153,153,153,0,0,0,1330,0,0,0,0,0,0,0,0,1330,0,0,0,153,153,153,153,153,153,153,153,
153,153,153,153,153,153,153,153,153,153,0,0,153,153,153,153,153,0,0,0,0,0,0,153,153,153,153,153,153,153,153,153,153,153,153,153,153,153,0,0,0,0,0,0,0,0,0,0,0,153,153,0,0,0,0,123,123,123,123,123,123,123,123,123,123,123,123,123,123,123,123,123,0,0,0,0,0,0,0,0,0,0,0,153,153,153,153,153,153,153,153,153,153,153,153,153,0,0,0,0,0,0,0,0,0,0,0,0,0,0,0,0,0,0,0,155,0,0,193,0,193,0,193,0,193,0,0,0,155,155,0,0,0,1330,0,0,1330,0,0,153,153,153,153,153,0,0,0,0,0,0,0,0,0,0,0,1332,0,1330,0,0,1332,0,0,1330,0,1332,0,0,0,153,153,153,153,153,153,153,0,0,0,1330,0,0,0,0,0,0,0,0,1330,0,0,0,153,153,153,153,153,153,153,153

[Object Layer 1]
# Player
type=Player
location=2,24,1,1

[Object Layer 1]
# Key
type=Key
location=6,23,1,1

[Object Layer 1]
# Key
type=Key
location=22,13,1,1

[Object Layer 1]
# Key
type=Key
location=33,30,1,1

[Object Layer 1]
# Key
type=Key
location=63,30,1,1

[Object Layer 1]
# Key
type=Key
location=115,25,1,1

[Object Layer 1]
# Key
type=Key
location=128,21,1,1

[Object Layer 1]
# Key
type=Key
location=164,16,1,1

[Object Layer 1]
# Snake
type=Snake
location=13,22,1,1

[Object Layer 1]
# Ghost1
type=Ghost1
location=18,15,1,1

[Object Layer 1]
# Diamond
type=Diamond
location=29,15,1,1

[Object Layer 1]
# Snake
type=Snake
location=33,15,1,1

[Object Layer 1]
# Ghost1
type=Ghost1
location=40,14,1,1

[Object Layer 1]
# Diamond
type=Diamond
location=45,10,1,1

[Object Layer 1]
# Bee
type=Bee
location=45,12,1,1

[Object Layer 1]
# Bee
type=Bee
location=44,19,1,1

[Object Layer 1]
# Ghost1
type=Ghost1
location=29,31,1,1

[Object Layer 1]
# Ghost1
type=Ghost1
location=36,31,1,1

[Object Layer 1]
# Spider
type=Spider
location=62,19,1,1

[Object Layer 1]
# Snake
type=Snake
location=68,31,1,1

[Object Layer 1]
# Snake
type=Snake
location=58,11,1,1

[Object Layer 1]
# Diamond
type=Diamond
location=53,11,1,1

[Object Layer 1]
# Ghost1
type=Ghost1
location=77,25,1,1

[Object Layer 1]
# Diamond
type=Diamond
location=86,23,1,1

[Object Layer 1]
# Snake
type=Snake
location=92,24,1,1

[Object Layer 1]
# Bee
type=Bee
location=92,22,1,1

[Object Layer 1]
# Ghost1
type=Ghost1
location=98,20,1,1

[Object Layer 1]
# Ghost1
type=Ghost1
location=108,21,1,1

[Object Layer 1]
# Ghost1
type=Ghost1
location=115,20,1,1

[Object Layer 1]
# Spider
type=Spider
location=100,23,1,1

[Object Layer 1]
# Diamond
type=Diamond
location=102,23,1,1

[Object Layer 1]
# Ghost2
type=Ghost2
location=122,25,1,1

[Object Layer 1]
# Ghost2
type=Ghost2
location=128,21,1,1

[Object Layer 1]
# Spider
type=Spider
location=142,20,1,1

[Object Layer 1]
# Bee
type=Bee
location=157,20,1,1

[Object Layer 1]
# Bee
type=Bee
location=143,18,1,1

[Object Layer 1]
# Ghost1
type=Ghost1
location=148,19,1,1

[Object Layer 1]
# Spider
type=Spider
location=172,22,1,1

[Object Layer 1]
# Ghost2
type=Ghost2
location=175,18,1,1

[Object Layer 1]
# Boss1
type=Boss1
location=186,14,1,1

